subTopicID	resultID
45.2	45.45
45.2	45.24
45.2	45.5
45.2	45.11
45.2	45.1
45.5	45.28
45.5	45.25
45.5	45.56
45.6	45.64
45.6	45.2
45.6	45.94
45.6	45.82
45.6	45.43
45.6	45.8
45.6	45.97
45.6	45.55
45.6	45.79
45.6	45.12
45.6	45.21
45.6	45.29
45.6	45.91
45.6	45.66
45.6	45.100
45.6	45.76
45.6	45.53
45.6	45.75
45.6	45.67
46.1	46.40
46.1	46.3
46.1	46.52
46.1	46.77
46.1	46.13
46.1	46.4
46.1	46.7
46.1	46.6
46.1	46.37
46.1	46.42
46.1	46.85
46.1	46.41
46.1	46.19
46.1	46.84
46.1	46.30
46.1	46.62
46.1	46.97
46.1	46.39
46.1	46.83
46.1	46.100
46.1	46.86
46.1	46.2
46.1	46.94
46.1	46.49
46.1	46.65
46.1	46.38
46.1	46.96
46.1	46.14
46.1	46.75
46.1	46.53
46.1	46.8
46.1	46.74
46.1	46.78
46.1	46.66
46.1	46.35
46.1	46.76
46.1	46.67
46.1	46.18
46.1	46.87
46.1	46.26
46.1	46.29
46.1	46.63
46.1	46.92
46.1	46.56
46.1	46.64
46.1	46.25
46.1	46.81
46.1	46.21
46.1	46.57
46.1	46.10
46.1	46.60
46.1	46.1
46.1	46.27
46.1	46.28
46.1	46.93
46.1	46.90
46.1	46.22
46.1	46.80
46.1	46.70
46.1	46.71
46.1	46.16
46.1	46.82
46.1	46.17
46.1	46.34
46.1	46.91
46.1	46.59
46.1	46.69
46.1	46.33
46.1	46.45
46.1	46.58
46.1	46.48
46.1	46.31
46.1	46.72
46.1	46.11
46.1	46.15
46.1	46.36
46.1	46.73
46.1	46.47
46.1	46.46
46.1	46.88
46.1	46.68
46.1	46.44
46.1	46.98
46.1	46.50
46.1	46.32
46.1	46.43
46.1	46.20
46.1	46.79
46.1	46.55
46.1	46.23
46.1	46.24
46.1	46.12
46.1	46.99
46.1	46.89
46.1	46.5
46.1	46.51
46.1	46.54
46.1	46.9
46.1	46.95
47.1	47.52
47.1	47.83
47.1	47.32
47.1	47.20
47.1	47.50
47.1	47.37
47.1	47.87
47.1	47.35
47.1	47.100
47.1	47.56
47.1	47.29
47.1	47.36
47.1	47.99
47.1	47.80
47.1	47.51
47.1	47.12
47.1	47.46
47.1	47.54
47.1	47.70
47.1	47.96
47.1	47.53
47.1	47.30
47.1	47.63
47.1	47.2
47.1	47.38
47.1	47.8
47.1	47.43
47.1	47.14
47.1	47.27
47.1	47.67
47.1	47.39
47.1	47.17
47.1	47.90
47.1	47.33
47.1	47.86
47.1	47.26
47.1	47.74
47.1	47.75
47.1	47.66
47.1	47.40
47.1	47.88
47.1	47.11
47.1	47.76
47.1	47.42
47.1	47.55
47.1	47.98
47.1	47.64
47.1	47.49
47.1	47.21
47.1	47.4
47.1	47.45
47.1	47.65
47.1	47.79
47.1	47.60
47.1	47.94
47.1	47.71
47.1	47.44
47.1	47.15
47.1	47.5
47.1	47.7
47.1	47.10
47.1	47.62
47.1	47.78
47.1	47.41
47.1	47.58
47.1	47.85
47.1	47.48
47.1	47.28
47.1	47.72
47.1	47.1
47.1	47.93
47.1	47.57
47.1	47.82
47.1	47.31
47.1	47.91
47.1	47.95
47.1	47.69
47.1	47.84
47.2	47.77
47.2	47.19
47.2	47.6
47.2	47.24
47.2	47.34
47.2	47.3
47.2	47.55
47.2	47.34
47.3	47.13
47.3	47.9
47.3	47.25
47.3	47.23
47.3	47.97
47.3	47.22
47.5	47.73
47.5	47.18
48.1	48.8
48.1	48.40
48.2	48.5
48.2	48.89
48.2	48.73
48.2	48.31
48.2	48.42
48.2	48.23
48.2	48.48
48.2	48.43
48.2	48.16
48.2	48.69
48.2	48.51
48.2	48.2
48.2	48.46
48.2	48.35
48.2	48.21
48.2	48.47
48.2	48.14
48.2	48.63
48.2	48.28
48.2	48.27
48.2	48.83
48.3	48.4
48.3	48.34
49.1	49.71
49.1	49.2
49.1	49.59
49.1	49.31
49.2	49.18
49.2	49.77
49.2	49.23
49.2	49.66
49.2	49.44
49.2	49.6
49.2	49.37
49.2	49.70
49.2	49.49
49.2	49.55
49.2	49.7
49.2	49.13
49.2	49.78
49.2	49.45
49.2	49.33
49.2	49.53
49.2	49.9
49.2	49.8
49.2	49.56
49.2	49.91
49.2	49.64
49.2	49.35
49.2	49.41
49.2	49.89
49.2	49.75
49.2	49.65
49.2	49.11
49.2	49.34
49.2	49.51
49.2	49.29
49.2	49.95
49.2	49.21
49.2	49.79
49.2	49.63
49.2	49.17
49.2	49.61
49.2	49.16
49.2	49.93
49.2	49.54
49.2	49.10
49.2	49.19
49.2	49.84
49.2	49.24
49.2	49.62
49.2	49.90
49.2	49.43
49.2	49.88
49.2	49.27
49.2	49.22
49.2	49.42
49.2	49.26
49.2	49.30
49.2	49.14
49.3	49.52
49.3	49.15
49.3	49.82
49.3	49.36
49.3	49.99
49.3	49.40
49.3	49.85
49.3	49.68
49.3	49.46
49.3	49.73
49.3	49.100
49.3	49.5
49.3	49.48
49.3	49.74
49.3	49.81
49.3	49.58
49.3	49.50
49.3	49.59
49.4	49.4
49.4	49.3
49.4	49.72
49.4	49.32
49.4	49.28
49.4	49.1
49.4	49.96
49.4	49.39
49.4	49.98
49.4	49.12
49.4	49.76
49.4	49.69
49.4	49.60
49.4	49.89
49.4	49.20
49.4	49.25
49.4	49.4
49.4	49.92
50.1	50.51
50.1	50.9
50.1	50.28
50.1	50.25
50.1	50.22
50.1	50.85
50.1	50.88
50.1	50.75
50.1	50.52
50.1	50.79
50.1	50.87
50.1	50.43
50.1	50.66
50.1	50.15
50.1	50.10
50.1	50.93
50.1	50.61
50.1	50.89
50.1	50.29
50.1	50.94
50.1	50.11
50.1	50.36
50.1	50.24
50.1	50.31
50.1	50.35
50.1	50.82
50.1	50.59
50.1	50.21
50.1	50.78
50.1	50.54
50.1	50.33
50.1	50.12
50.1	50.91
50.1	50.70
50.1	50.65
50.1	50.1
50.1	50.53
50.1	50.44
50.1	50.34
50.1	50.17
50.1	50.30
50.1	50.95
50.1	50.57
50.1	50.47
50.1	50.100
50.1	50.19
50.1	50.80
50.1	50.92
50.1	50.77
50.1	50.86
50.1	50.99
50.1	50.32
50.1	50.72
50.1	50.27
50.1	50.49
50.1	50.2
50.1	50.16
50.1	50.76
50.1	50.3
50.1	50.84
50.1	50.42
50.1	50.18
50.1	50.41
50.1	50.60
50.1	50.98
50.1	50.56
50.1	50.81
50.1	50.74
50.1	50.90
50.1	50.83
50.1	50.64
50.1	50.40
50.1	50.38
50.1	50.39
50.1	50.62
50.1	50.71
50.1	50.63
50.1	50.68
50.1	50.23
50.1	50.46
50.1	50.50
50.1	50.37
50.1	50.55
50.1	50.97
50.1	50.26
50.1	50.73
50.1	50.96
50.1	50.14
50.1	50.58
50.2	50.6
50.2	50.45
50.2	50.13
50.2	50.69
50.2	50.8
50.2	50.20
50.2	50.67
50.2	50.7
51.1	51.55
51.1	51.91
51.1	51.35
51.1	51.20
51.1	51.99
51.1	51.50
51.1	51.53
51.1	51.88
51.1	51.79
51.1	51.51
51.1	51.21
51.1	51.80
51.1	51.2
51.1	51.24
51.1	51.29
51.1	51.61
51.1	51.89
51.1	51.72
51.1	51.75
51.1	51.73
51.1	51.97
51.1	51.1
51.1	51.90
51.1	51.44
51.1	51.85
51.1	51.84
51.1	51.59
51.1	51.87
51.1	51.48
51.1	51.62
51.2	51.29
51.2	51.89
51.2	51.91
51.2	51.14
51.2	51.77
51.2	51.53
51.2	51.26
51.2	51.51
51.2	51.84
52.1	52.36
52.1	52.47
52.1	52.32
52.1	52.30
52.1	52.5
52.1	52.61
52.1	52.59
52.1	52.99
52.1	52.35
52.1	52.3
52.1	52.13
52.1	52.22
52.1	52.97
52.1	52.89
52.1	52.18
52.1	52.72
52.2	52.37
52.2	52.76
52.2	52.4
52.2	52.14
52.2	52.19
52.2	52.92
52.2	52.67
52.2	52.40
52.2	52.15
52.2	52.27
52.2	52.58
52.2	52.100
52.2	52.52
52.2	52.20
52.2	52.38
52.2	52.77
52.2	52.78
52.2	52.81
52.2	52.83
52.2	52.66
52.2	52.55
52.2	52.70
52.2	52.39
52.2	52.65
52.2	52.90
52.2	52.85
52.2	52.73
52.2	52.6
52.2	52.51
52.2	52.10
52.2	52.9
52.2	52.74
52.2	52.98
53.1	53.83
53.1	53.21
53.1	53.94
53.1	53.32
53.1	53.23
53.1	53.99
53.1	53.86
53.1	53.59
53.1	53.71
53.1	53.40
53.1	53.93
53.1	53.74
53.1	53.49
53.1	53.27
53.1	53.91
53.1	53.31
53.1	53.29
53.1	53.76
53.1	53.9
53.1	53.43
53.1	53.72
53.1	53.53
53.1	53.85
53.1	53.1
53.1	53.34
53.1	53.90
53.1	53.39
53.1	53.54
53.1	53.33
53.1	53.37
53.1	53.70
53.1	53.22
53.1	53.73
53.1	53.52
53.1	53.44
53.1	53.81
53.1	53.79
53.1	53.30
53.1	53.7
53.1	53.96
53.1	53.67
53.1	53.42
53.1	53.26
53.1	53.64
53.1	53.80
53.1	53.75
53.1	53.48
53.1	53.88
53.1	53.82
53.1	53.41
53.1	53.47
53.2	53.100
53.2	53.95
53.2	53.17
53.2	53.2
53.2	53.16
53.2	53.8
53.2	53.38
53.2	53.25
53.2	53.89
53.2	53.10
53.2	53.46
53.2	53.60
53.2	53.3
53.2	53.78
53.2	53.24
53.2	53.15
53.2	53.68
53.3	53.97
53.3	53.63
53.3	53.19
53.3	53.58
54.1	54.82
54.1	54.3
54.1	54.80
54.1	54.10
54.1	54.11
54.1	54.79
54.1	54.13
54.1	54.98
54.1	54.61
54.1	54.92
54.1	54.87
54.1	54.19
54.16	54.50
54.16	54.99
54.16	54.64
54.16	54.4
54.16	54.2
54.2	54.5
55.1	55.77
55.1	55.74
55.1	55.13
55.1	55.66
55.1	55.47
55.1	55.69
55.1	55.41
55.1	55.18
55.1	55.97
55.1	55.65
55.1	55.87
55.1	55.52
55.1	55.33
55.1	55.16
55.1	55.58
55.1	55.25
55.1	55.7
55.1	55.42
55.1	55.80
55.1	55.85
55.1	55.46
55.1	55.30
55.1	55.22
55.1	55.29
55.1	55.5
55.1	55.78
55.1	55.19
55.1	55.14
55.1	55.31
55.1	55.88
55.1	55.48
55.1	55.63
55.1	55.49
55.1	55.76
55.1	55.62
55.1	55.32
55.1	55.67
55.1	55.70
55.1	55.79
55.1	55.8
55.1	55.96
55.1	55.15
55.1	55.40
55.1	55.24
55.1	55.75
55.1	55.64
55.1	55.94
55.1	55.35
55.1	55.23
55.1	55.39
55.1	55.38
55.1	55.59
55.1	55.86
55.1	55.95
55.1	55.4
55.1	55.44
55.1	55.72
55.1	55.1
55.1	55.82
55.1	55.83
55.1	55.93
55.1	55.91
55.1	55.56
55.1	55.84
55.1	55.50
55.1	55.90
55.1	55.26
55.1	55.60
55.1	55.36
55.1	55.81
55.1	55.37
55.1	55.17
55.1	55.51
55.1	55.92
55.1	55.73
55.1	55.3
55.1	55.28
55.1	55.9
55.1	55.34
55.1	55.54
55.1	55.89
55.5	55.20
56.1	56.33
56.1	56.15
56.1	56.100
56.1	56.43
56.1	56.84
56.1	56.29
56.1	56.83
56.1	56.71
56.1	56.76
56.1	56.1
56.1	56.60
56.1	56.30
56.1	56.4
56.1	56.34
56.1	56.47
56.1	56.49
56.1	56.5
56.10	56.54
56.10	56.96
56.10	56.51
56.10	56.31
56.10	56.93
56.10	56.58
56.10	56.19
56.10	56.14
56.10	56.64
56.10	56.9
56.10	56.66
56.10	56.13
56.10	56.26
56.10	56.95
56.10	56.72
56.10	56.27
56.11	56.17
56.15	56.83
56.15	56.22
56.2	56.82
57.2	57.18
57.2	57.75
57.2	57.63
57.2	57.42
57.2	57.78
57.2	57.90
57.2	57.69
57.2	57.62
57.2	57.72
57.2	57.61
57.2	57.4
57.2	57.28
57.2	57.94
57.2	57.18
57.2	57.49
57.2	57.13
57.2	57.44
57.2	57.56
57.2	57.84
57.2	57.39
57.2	57.77
57.2	57.66
57.2	57.8
57.4	57.98
57.4	57.93
57.4	57.68
57.4	57.16
57.4	57.7
57.4	57.71
57.4	57.64
57.4	57.79
57.4	57.53
57.4	57.54
57.4	57.19
57.4	57.6
57.4	57.92
57.4	57.100
57.4	57.99
57.4	57.65
58.1	58.70
58.1	58.95
58.1	58.42
58.1	58.48
58.1	58.39
58.1	58.64
58.1	58.23
58.1	58.87
58.1	58.1
58.1	58.33
58.1	58.94
58.1	58.7
58.1	58.20
58.2	58.8
58.2	58.99
58.2	58.97
58.2	58.24
58.2	58.4
58.3	58.58
58.3	58.5
58.3	58.98
58.3	58.79
58.3	58.82
58.3	58.47
58.3	58.84
58.3	58.89
58.3	58.62
58.3	58.10
58.3	58.72
58.3	58.93
58.3	58.63
58.3	58.90
58.3	58.37
58.3	58.13
58.3	58.45
58.3	58.51
58.3	58.67
58.3	58.77
58.3	58.44
58.3	58.78
58.3	58.30
58.3	58.43
58.3	58.34
58.3	58.41
58.3	58.46
58.3	58.81
58.3	58.73
58.3	58.94
58.3	58.86
59.1	59.78
59.1	59.24
59.1	59.74
59.1	59.42
59.1	59.97
59.1	59.54
59.1	59.33
59.1	59.44
59.1	59.55
59.1	59.8
59.1	59.16
59.1	59.47
59.1	59.45
59.1	59.96
59.1	59.6
59.1	59.3
59.1	59.12
59.1	59.4
59.1	59.1
59.1	59.22
59.1	59.72
59.1	59.48
59.1	59.98
59.1	59.9
59.1	59.94
59.1	59.53
59.1	59.84
59.1	59.32
59.1	59.89
59.1	59.90
59.1	59.35
59.1	59.46
59.1	59.91
59.1	59.56
59.1	59.93
59.1	59.20
59.1	59.88
59.1	59.26
59.1	59.81
59.1	59.52
59.1	59.99
59.1	59.2
59.1	59.87
59.1	59.70
59.1	59.51
59.1	59.59
59.1	59.71
59.1	59.80
59.1	59.58
59.1	59.11
59.1	59.92
59.1	59.36
59.1	59.23
59.1	59.30
59.1	59.65
59.1	59.75
59.1	59.100
59.1	59.63
59.1	59.39
59.1	59.69
59.1	59.5
59.1	59.67
59.1	59.62
59.1	59.41
59.1	59.27
59.1	59.60
59.1	59.38
59.1	59.82
59.1	59.83
59.1	59.7
59.1	59.66
59.1	59.43
59.1	59.14
59.1	59.28
59.1	59.61
59.1	59.86
59.2	59.10
59.2	59.17
60.2	60.40
60.2	60.68
60.2	60.72
60.2	60.73
60.2	60.56
60.2	60.67
60.2	60.31
60.2	60.71
60.2	60.78
60.2	60.65
60.2	60.27
60.2	60.55
60.2	60.8
60.2	60.96
60.2	60.47
60.2	60.86
60.2	60.59
60.2	60.62
60.2	60.7
60.2	60.2
60.2	60.90
60.2	60.28
60.2	60.77
60.2	60.61
60.2	60.39
60.2	60.75
60.2	60.94
60.2	60.16
60.2	60.83
60.2	60.13
60.2	60.100
60.2	60.89
60.2	60.64
60.2	60.46
60.2	60.3
60.2	60.97
60.2	60.79
60.2	60.87
60.2	60.20
60.2	60.29
60.2	60.91
60.2	60.17
60.2	60.66
60.2	60.1
60.2	60.52
60.2	60.41
60.2	60.25
60.2	60.22
60.2	60.76
60.2	60.60
60.2	60.34
60.2	60.82
60.2	60.81
60.2	60.35
60.2	60.99
60.2	60.44
60.2	60.45
60.2	60.98
60.2	60.23
60.2	60.11
60.2	60.80
60.2	60.95
60.2	60.32
60.3	60.58
60.3	60.70
60.3	60.5
60.3	60.12
60.8	60.38
60.8	60.9
60.8	60.42
60.8	60.30
60.8	60.93
60.8	60.10
60.8	60.4
61.1	61.1
61.1	61.49
61.1	61.50
61.1	61.71
61.1	63.7
61.1	61.84
61.1	61.13
61.1	63.6
61.1	63.5
61.1	63.4
61.1	61.38
61.1	61.46
61.2	61.80
61.2	61.39
61.2	61.6
61.2	61.7
61.2	61.2
61.2	61.67
61.2	61.61
61.2	61.62
61.2	61.20
61.2	61.29
61.2	61.14
61.2	61.23
61.2	61.5
61.2	61.28
61.2	61.60
61.2	61.3
61.2	61.17
61.2	61.52
61.2	61.11
61.2	61.15
61.2	61.4
61.2	61.97
61.2	61.90
61.2	61.43
61.2	61.24
61.2	61.16
62.2	62.72
62.2	62.36
62.2	62.11
62.2	62.26
62.2	62.4
62.2	62.48
62.2	62.18
62.2	62.13
62.2	62.29
62.2	62.30
62.2	62.19
62.3	62.1
62.3	62.34
63.1	63.42
63.1	63.68
63.1	63.13
63.1	63.87
63.1	63.56
63.1	63.76
63.1	63.26
63.1	63.58
63.1	63.47
63.1	63.99
63.1	63.66
63.1	63.28
63.1	63.77
63.1	63.93
63.1	63.72
63.1	63.57
63.1	63.19
63.1	63.59
63.1	63.35
63.1	63.1
63.1	63.29
63.1	63.62
63.1	63.14
63.1	63.54
63.1	63.2
63.1	63.53
63.1	63.91
63.1	63.44
63.1	63.98
63.1	63.81
63.1	63.45
63.1	63.46
63.1	63.88
63.1	63.39
63.1	63.73
63.1	63.11
63.1	63.32
63.1	63.23
63.1	63.74
63.1	63.17
63.1	63.3
63.1	63.21
63.1	63.90
63.1	63.9
63.1	63.34
63.1	63.70
63.1	63.15
63.1	63.37
63.1	63.43
63.1	63.82
63.1	63.85
63.1	63.36
63.1	63.61
63.2	63.100
63.2	63.50
63.2	63.49
63.2	63.68
63.2	63.55
63.2	63.64
63.2	63.24
63.2	63.8
63.2	63.80
63.2	63.86
63.2	63.79
63.2	63.25
63.2	63.40
63.2	63.6
63.2	63.58
63.2	63.4
63.2	63.83
63.2	63.31
63.2	63.33
63.2	63.63
63.2	63.48
63.2	63.18
63.2	63.38
63.2	63.97
63.2	63.12
63.2	63.78
63.2	63.22
63.2	63.71
63.2	63.10
63.2	63.20
63.2	63.94
63.2	63.27
63.2	63.52
63.2	63.16
63.2	63.65
63.2	63.69
63.2	63.3
63.2	63.95
63.2	63.84
63.2	63.60
63.2	63.41
63.2	63.75
63.2	63.30
63.2	63.67
63.2	63.96
63.2	63.51
63.2	63.89
64.1	64.68
64.1	64.36
64.1	64.29
64.1	64.6
64.1	64.1
64.1	64.67
64.1	64.7
64.2	64.3
64.2	64.100
65.10	65.21
65.10	65.22
65.10	65.24
65.10	65.27
65.10	65.18
65.10	65.74
65.10	65.92
65.1	65.73
65.1	65.69
65.1	65.3
65.1	65.31
65.1	65.46
65.1	65.41
65.1	65.42
65.1	65.1
65.1	65.49
65.1	65.88
65.1	65.6
65.1	65.12
65.1	65.96
65.1	65.4
65.1	65.20
65.1	65.55
65.1	65.15
65.1	65.45
65.1	65.9
65.1	65.85
65.1	65.11
65.1	65.29
65.1	65.75
65.1	65.48
65.1	65.78
65.1	65.57
65.1	65.52
65.11	65.17
65.11	65.18
65.11	65.21
65.11	65.77
65.11	65.24
65.11	65.92
65.11	65.22
65.11	65.27
65.12	65.92
65.12	65.24
65.12	65.18
65.12	65.27
65.13	65.50
65.13	65.95
65.15	65.38
65.16	65.7
65.16	65.87
65.16	65.13
65.16	65.19
65.17	65.70
65.17	65.14
65.17	65.86
65.17	65.83
65.17	65.54
65.17	65.68
65.17	65.2
65.17	65.80
65.17	65.93
65.17	65.39
65.17	65.66
65.17	65.43
65.5	65.26
65.7	65.47
65.9	65.100
65.9	65.18
65.9	65.24
65.9	65.36
65.9	65.92
65.9	65.30
65.9	65.56
65.9	65.27
66.1	66.48
66.1	66.24
66.1	66.44
66.1	66.10
66.1	66.31
66.1	66.64
66.1	66.57
66.1	66.49
66.1	66.47
66.1	66.30
66.1	66.8
66.1	66.84
66.1	66.28
66.1	66.45
66.1	66.100
66.1	66.62
66.1	66.1
66.1	66.79
66.1	66.98
66.1	66.12
66.1	66.90
66.1	66.20
66.1	66.37
66.2	66.59
66.2	66.40
66.2	66.56
66.2	66.2
66.2	66.77
66.2	66.18
67.1	67.64
67.1	67.50
67.1	67.79
67.1	67.39
67.1	67.16
67.1	67.91
67.1	67.76
67.1	67.38
67.1	67.2
67.1	67.88
67.1	67.65
67.1	67.19
67.1	67.99
67.1	67.85
67.1	67.90
67.1	67.45
67.1	67.96
67.1	67.25
67.1	67.5
67.1	67.24
67.1	67.95
67.1	67.82
67.1	67.32
67.1	67.8
67.1	67.61
67.1	67.36
67.1	67.97
67.1	67.47
67.1	67.46
67.1	67.30
67.1	67.6
67.1	67.72
67.1	67.20
67.1	67.21
67.1	67.84
67.1	67.14
67.1	67.22
67.1	67.52
67.1	67.4
67.1	67.57
67.1	67.54
67.1	67.58
67.1	67.83
67.1	67.49
67.1	67.68
67.1	67.7
67.1	67.15
67.1	67.93
67.1	67.59
67.1	67.94
67.1	67.33
67.1	67.98
67.1	67.9
67.1	67.1
67.15	67.87
67.2	67.56
67.2	67.13
67.2	67.66
67.2	67.34
67.5	67.92
67.7	67.77
68.1	68.15
68.1	68.96
68.1	68.100
68.1	68.59
68.1	68.46
68.1	68.4
68.1	68.47
68.1	68.71
68.1	68.56
68.1	68.26
68.1	68.93
68.1	68.53
68.1	68.7
68.1	68.43
68.1	68.25
68.1	68.24
68.1	68.81
68.1	68.11
68.1	68.42
68.1	68.57
68.1	68.44
68.1	68.58
68.1	68.10
68.1	68.87
68.1	68.97
68.1	68.36
68.1	68.85
68.1	68.82
68.1	68.70
68.1	68.95
68.1	68.79
68.1	68.48
68.1	68.45
68.1	68.90
68.1	68.23
68.1	68.68
68.1	68.67
68.1	68.37
68.1	68.28
68.1	68.5
68.1	68.94
68.1	68.91
68.1	68.89
68.1	68.69
68.1	68.3
68.1	68.83
68.1	68.13
68.1	68.21
68.1	68.66
68.1	68.98
68.1	68.29
68.1	68.64
68.1	68.65
68.1	68.6
68.1	68.17
68.1	68.20
68.1	68.16
68.1	68.31
68.1	68.30
68.1	68.92
68.1	68.80
68.1	68.50
68.1	68.34
68.1	68.41
68.1	68.51
68.1	68.12
68.1	68.76
68.1	68.60
68.1	68.35
68.1	68.1
68.1	68.27
68.1	68.88
68.1	68.84
68.1	68.74
68.1	68.39
68.1	68.22
68.1	68.2
68.1	68.61
68.1	68.86
68.1	68.99
68.1	68.8
68.1	68.9
68.1	68.54
68.1	68.62
68.1	68.40
68.1	68.19
68.1	68.72
68.1	68.14
68.1	68.32
68.1	68.38
68.1	68.33
68.1	68.63
68.1	68.49
68.1	68.18
68.1	68.75
69.1	69.31
69.1	69.1
69.1	69.55
69.1	69.22
69.1	69.98
69.1	69.66
69.1	69.21
69.1	69.28
69.1	69.26
69.1	69.30
69.1	69.46
69.1	69.16
69.1	69.94
69.1	69.60
69.1	69.95
69.1	69.87
69.1	69.6
69.1	69.38
69.1	69.20
69.1	69.92
69.1	69.59
69.1	69.27
69.1	69.7
69.1	69.52
69.1	69.15
69.1	69.29
69.1	69.18
69.1	69.77
69.1	69.90
69.1	69.93
69.1	69.17
69.1	69.41
69.1	69.62
69.1	69.68
69.1	69.53
69.1	69.86
69.1	69.79
69.1	69.32
69.1	69.33
69.1	69.9
69.1	69.45
69.1	69.65
69.1	69.12
69.1	69.13
69.1	69.84
69.1	69.75
69.1	69.97
69.1	69.8
69.1	69.56
69.2	69.85
69.2	69.88
69.2	69.89
69.4	69.23
69.4	69.47
69.4	69.39
69.4	69.69
69.4	69.43
69.5	69.57
69.5	69.23
69.5	69.4
69.5	69.58
69.5	69.3
69.5	69.61
69.5	69.11
69.5	69.35
69.5	69.47
69.5	69.19
69.6	69.54
69.6	69.76
69.6	69.2
69.6	69.44
70.1	70.70
70.1	70.38
70.1	70.9
70.1	70.57
70.1	70.98
70.1	70.11
70.1	70.58
70.1	70.21
70.1	70.89
70.1	70.84
70.1	70.60
70.1	70.51
70.1	70.2
70.1	70.8
70.1	70.99
70.1	70.19
70.1	70.95
70.1	70.88
70.1	70.73
70.1	70.7
70.1	70.85
70.1	70.100
70.1	70.18
70.1	70.53
70.1	70.5
70.1	70.42
70.1	70.26
70.1	70.14
70.1	70.67
70.1	70.64
70.1	70.91
70.1	70.30
70.1	70.12
70.1	70.78
70.1	70.23
70.1	70.6
70.1	70.37
70.1	70.24
70.1	70.90
70.1	70.13
70.1	70.72
70.1	70.68
70.1	70.36
70.1	70.45
70.1	70.83
70.1	70.44
70.1	70.15
70.1	70.80
70.1	70.61
70.1	70.33
70.1	70.76
70.1	70.75
70.1	70.87
70.1	70.34
70.1	70.82
70.1	70.17
70.1	70.81
70.1	70.65
70.1	70.20
70.11	70.46
70.11	70.56
70.11	70.35
70.4	70.10
70.6	70.94
70.6	70.71
71.1	71.76
71.1	71.44
71.1	71.89
71.1	71.23
71.1	71.52
71.1	71.98
71.1	71.47
71.1	71.29
71.1	71.14
71.1	71.75
71.1	71.66
71.1	71.7
71.1	71.21
71.1	71.77
71.1	71.9
71.1	71.2
71.1	71.27
71.1	71.35
71.1	71.49
71.1	71.40
71.1	71.53
71.1	71.96
71.1	71.59
71.1	71.24
71.1	71.66
71.2	71.71
71.2	71.79
71.2	71.48
71.2	71.92
71.2	71.84
71.2	71.60
71.2	71.20
71.2	71.10
71.2	71.93
71.2	71.69
71.2	71.21
71.2	71.87
71.2	71.1
71.2	71.22
71.2	71.8
71.2	71.92
71.2	71.91
71.2	71.78
71.2	71.65
71.2	71.37
71.2	71.61
71.2	71.70
71.2	71.62
71.2	71.83
71.2	71.41
71.2	71.56
71.2	71.74
71.2	71.78
71.2	71.24
71.2	71.41
71.2	71.42
71.2	71.42
71.2	71.56
71.2	71.74
71.3	71.8
71.3	71.65
71.3	71.84
71.3	71.37
71.3	71.62
71.3	71.10
71.3	71.87
71.3	71.22
71.3	71.45
71.4	71.26
71.4	71.6
71.4	71.30
71.4	71.17
71.4	71.11
71.4	71.51
71.4	71.38
71.4	71.100
71.4	71.36
71.4	71.86
71.4	71.19
71.4	71.73
71.4	71.34
71.4	71.33
71.4	71.12
71.4	71.18
71.4	71.28
71.4	71.54
71.4	71.16
71.4	71.32
71.4	71.43
71.4	71.25
71.4	71.5
71.4	71.4
71.4	71.80
71.4	71.50
71.4	71.3
71.4	71.88
72.1	72.36
72.2	72.89
72.2	72.70
72.2	72.40
72.2	72.28
72.2	72.96
72.2	72.57
72.2	72.78
72.2	72.50
72.2	72.82
72.2	72.47
72.2	72.36
72.2	72.56
72.2	72.44
72.2	72.24
72.2	72.81
72.2	72.22
72.2	72.9
72.2	72.5
72.2	72.37
72.2	72.60
72.2	72.79
72.2	72.92
72.2	72.52
72.2	72.21
72.2	72.66
72.2	72.77
72.2	72.55
72.2	72.43
72.2	72.17
72.2	72.27
72.2	72.35
72.2	72.76
72.2	72.32
72.2	72.84
72.2	72.16
72.2	72.65
72.2	72.8
72.2	72.18
72.2	72.13
72.2	72.31
72.2	72.2
72.2	72.88
72.2	72.99
72.2	72.59
72.2	72.49
72.2	72.71
72.2	72.4
72.2	72.83
72.2	72.100
72.2	72.94
72.2	72.6
72.2	72.15
72.2	72.7
72.2	72.54
72.2	72.87
72.2	72.29
72.2	72.33
72.2	72.12
72.2	72.23
72.2	72.30
72.2	72.14
72.2	72.51
72.2	72.68
72.2	72.19
72.2	72.93
72.2	72.25
72.2	72.42
72.2	72.26
72.2	72.39
72.2	72.97
72.2	72.72
72.2	72.38
72.2	72.20
72.2	72.1
72.2	72.41
72.2	72.34
72.3	72.89
72.3	72.40
72.3	72.8
72.3	72.18
72.3	72.28
72.3	72.13
72.3	72.96
72.3	72.31
72.3	72.57
72.3	72.88
72.3	72.99
72.3	72.78
72.3	72.59
72.3	72.50
72.3	72.49
72.3	72.3
72.3	72.83
72.3	72.4
72.3	72.100
72.3	72.82
72.3	72.47
72.3	72.11
72.3	72.10
72.3	72.6
72.3	72.15
72.3	72.64
72.3	72.56
72.3	72.54
72.3	72.44
72.3	72.24
72.3	72.7
72.3	72.81
72.3	72.22
72.3	72.9
72.3	72.33
72.3	72.12
72.3	72.5
72.3	72.37
72.3	72.23
72.3	72.60
72.3	72.79
72.3	72.14
72.3	72.30
72.3	72.92
72.3	72.19
72.3	72.42
72.3	72.25
72.3	72.52
72.3	72.39
72.3	72.26
72.3	72.77
72.3	72.55
72.3	72.43
72.3	72.38
72.3	72.17
72.3	72.27
72.3	72.35
72.3	72.76
72.3	72.20
72.3	72.32
72.3	72.41
72.3	72.84
72.3	72.16
72.3	72.34
73.1	73.21
73.1	73.87
73.1	73.9
73.1	73.51
73.1	73.48
73.1	73.42
73.1	73.23
73.1	73.86
73.1	73.18
73.1	73.6
73.1	73.98
73.1	73.89
73.1	73.5
73.1	73.47
73.1	73.19
73.1	73.56
73.1	73.85
73.1	73.34
73.1	73.2
73.1	73.50
73.1	73.68
73.1	73.73
73.1	73.29
73.1	73.16
73.1	73.83
73.1	73.95
73.1	73.55
73.1	73.4
73.1	73.62
73.1	73.59
73.1	73.84
73.1	73.28
73.1	73.91
73.1	73.15
73.1	73.22
73.1	73.92
73.1	73.82
73.1	73.63
73.1	73.64
73.1	73.81
73.1	73.77
73.1	73.25
73.1	73.3
73.1	73.26
73.1	73.65
73.1	73.54
73.1	73.13
73.1	73.94
73.1	73.14
73.1	73.17
73.1	73.74
73.1	73.41
73.1	73.24
73.1	73.88
73.1	73.72
73.1	73.12
73.1	73.96
73.1	73.58
73.1	73.79
73.1	73.10
73.1	73.53
73.1	73.20
73.1	73.11
73.1	73.75
73.1	73.45
73.1	73.100
73.1	73.70
73.1	73.46
73.1	73.57
73.1	73.32
73.1	73.38
73.1	73.37
73.1	73.76
73.1	73.27
73.1	73.97
73.1	73.31
73.1	73.90
73.1	73.43
73.1	73.78
73.1	73.35
73.1	73.36
73.1	73.52
73.1	73.80
73.1	73.40
73.1	73.7
73.1	73.69
73.1	73.33
73.1	73.71
73.1	73.8
73.1	73.61
73.1	73.39
73.1	73.99
73.1	73.1
73.1	73.49
73.1	73.93
73.1	73.44
73.1	73.60
73.1	73.67
73.2	73.33
73.2	73.51
73.2	73.39
73.2	73.83
73.2	73.42
73.2	73.5
73.2	73.77
73.2	73.59
74.1	74.7
74.1	74.19
74.1	74.81
74.1	74.93
74.1	74.79
74.1	74.56
74.1	74.70
74.1	74.89
74.1	74.43
74.1	74.95
74.1	74.1
74.1	74.29
74.1	74.85
74.1	74.22
74.1	74.39
74.1	74.15
74.1	74.50
74.1	74.23
74.1	74.8
74.1	74.36
74.2	74.44
74.2	74.35
74.2	74.2
74.2	74.78
74.2	74.61
74.2	74.92
74.2	74.64
74.2	74.14
74.3	74.28
74.3	74.25
74.3	74.49
74.3	74.38
74.3	74.87
74.3	74.82
74.3	74.80
74.3	74.32
74.3	74.27
74.3	74.71
74.3	74.58
74.3	74.18
74.3	74.5
74.3	74.69
74.3	74.12
74.3	74.6
74.3	74.31
74.3	74.76
74.3	74.17
74.3	74.9
74.3	74.4
74.3	74.21
74.3	74.83
74.3	74.37
74.3	74.91
74.3	74.34
74.4	74.41
74.4	74.73
74.4	74.40
74.4	74.16
74.4	74.57
74.4	74.10
74.4	74.33
74.4	74.26
74.4	74.11
74.4	74.45
74.4	74.54
74.4	74.24
74.4	74.98
74.4	74.46
74.4	74.100
74.4	74.74
74.4	74.20
74.4	74.86
74.4	74.90
74.4	74.13
74.4	74.52
74.4	74.96
74.4	74.53
74.4	74.3
74.4	74.67
74.4	74.97
74.4	74.48
74.4	74.66
74.4	74.42
74.4	74.59
74.4	74.60
74.4	74.72
74.4	74.84
74.4	74.77
74.4	74.47
74.4	74.51
75.1	75.45
75.1	75.90
75.1	75.98
75.1	75.97
75.1	75.74
75.1	75.71
75.1	75.33
75.1	75.1
75.1	75.54
75.1	75.37
75.1	75.41
75.1	75.46
75.1	75.57
75.1	75.77
75.1	75.49
75.1	75.83
75.1	75.91
75.1	75.36
75.1	75.61
75.1	75.50
75.1	75.99
75.1	75.27
75.1	75.89
75.1	75.26
75.1	75.17
75.1	75.84
75.1	75.15
75.1	75.48
75.1	75.85
75.1	75.51
75.1	75.95
75.1	75.100
75.1	75.18
75.1	75.67
75.1	75.52
75.1	75.2
75.1	75.58
75.1	75.44
75.2	75.68
75.2	75.66
75.2	75.72
75.2	75.7
75.2	75.14
76.1	76.84
76.1	76.8
76.1	76.61
76.1	76.72
76.1	76.67
76.1	76.41
76.1	76.27
76.1	76.12
76.1	76.69
76.1	76.21
76.1	76.76
76.1	76.46
76.1	76.74
76.1	76.39
76.1	76.22
76.1	76.19
76.1	76.17
76.1	76.65
76.1	76.44
76.1	76.93
76.1	76.3
76.1	76.49
76.1	76.100
76.1	76.60
76.1	76.54
76.1	76.43
76.1	76.35
76.1	76.2
76.1	76.34
76.1	76.85
76.1	76.23
76.1	76.33
76.1	76.96
76.1	76.16
76.1	76.79
76.1	76.66
76.1	76.97
76.1	76.99
76.1	76.11
76.1	76.18
76.1	76.6
76.1	76.80
76.1	76.47
76.1	76.71
76.1	76.26
76.1	76.62
76.1	76.20
76.1	76.37
76.1	76.42
76.1	76.28
76.1	76.58
76.1	76.98
76.1	76.86
76.1	76.32
76.1	76.92
76.1	76.94
76.1	76.90
76.1	76.25
76.2	76.82
76.2	76.53
76.3	76.95
76.3	76.68
76.3	76.7
76.3	76.36
76.3	76.81
76.3	76.40
76.3	76.5
76.3	76.52
76.3	76.45
76.3	76.75
76.3	76.89
76.3	76.87
76.3	76.50
76.3	76.30
76.3	76.88
76.3	76.64
76.3	76.14
76.3	76.55
76.3	76.78
76.3	76.1
76.3	76.4
76.3	76.15
76.3	76.56
76.3	76.59
76.3	76.29
76.3	76.57
76.3	76.10
76.4	76.31
76.4	76.87
76.4	76.73
76.4	76.91
77.1	77.100
77.1	77.80
77.1	77.1
77.1	77.14
77.1	77.72
77.2	77.9
77.2	77.87
77.2	77.48
77.2	77.27
77.2	77.33
77.2	77.15
77.2	77.50
77.2	77.42
77.2	77.49
77.2	77.93
77.2	77.57
77.3	77.68
77.3	77.2
77.3	77.16
77.3	77.13
77.3	77.52
77.3	77.6
77.3	77.73
77.3	77.56
77.3	77.61
77.3	77.42
77.3	77.90
77.3	77.28
77.3	77.23
77.3	77.82
77.3	77.78
77.3	77.53
77.3	77.89
77.3	77.31
77.3	77.11
77.3	77.83
77.3	77.55
77.3	77.27
77.3	77.58
77.3	77.54
77.3	77.59
77.3	77.3
77.3	77.88
77.3	77.36
77.3	77.77
77.3	77.44
77.3	77.76
77.3	77.66
77.3	77.70
77.3	77.92
77.3	77.7
77.3	77.39
77.3	77.45
77.3	77.51
77.3	77.71
77.3	77.12
77.3	77.4
77.3	77.25
77.3	77.19
77.3	77.43
77.3	77.65
77.3	77.46
77.3	77.62
77.3	77.30
78.1	78.44
78.1	78.26
78.1	78.17
78.1	78.9
78.1	78.84
78.1	78.74
78.1	78.100
78.1	78.78
78.1	78.42
78.1	78.32
78.1	78.5
78.1	78.79
78.1	78.99
78.1	78.8
78.1	78.14
78.1	78.83
78.1	78.37
78.1	78.55
78.1	78.21
78.1	78.87
78.1	78.46
78.1	78.30
78.1	78.36
78.1	78.80
78.1	78.95
78.1	78.68
78.1	78.29
78.1	78.33
78.1	78.88
78.1	78.4
78.1	78.18
78.1	78.1
78.1	78.2
78.1	78.34
78.1	78.72
78.1	78.43
78.1	78.61
78.1	78.91
78.1	78.35
78.1	78.38
78.1	78.81
78.1	78.93
78.1	78.56
78.1	78.11
78.1	78.71
78.1	78.7
78.17	78.96
78.2	78.44
78.2	78.68
78.2	78.17
78.2	78.29
78.2	78.78
78.2	78.42
78.2	78.5
78.2	78.25
78.2	78.4
78.2	78.18
78.2	78.1
78.2	78.79
78.2	78.2
78.2	78.8
78.2	78.14
78.2	78.61
78.2	78.37
78.2	78.91
78.2	78.38
78.2	78.81
78.2	78.21
78.2	78.93
78.2	78.87
78.2	78.56
78.2	78.46
78.2	78.11
78.2	78.71
78.2	78.36
78.2	78.80
78.2	78.7
78.4	78.23
78.4	78.10
78.4	78.2
78.4	78.51
78.4	78.9
78.4	78.19
78.4	78.100
78.4	78.16
78.4	78.28
78.4	78.31
78.4	78.1
78.5	78.73
78.5	78.23
78.5	78.75
78.5	78.26
78.5	78.47
78.5	78.84
78.5	78.24
78.5	78.100
78.5	78.5
78.5	78.85
78.5	78.25
78.5	78.49
78.5	78.3
78.5	78.8
78.5	78.14
78.5	78.83
78.5	78.37
78.5	78.52
78.5	78.6
78.5	78.27
78.5	78.69
78.5	78.45
78.5	78.19
78.5	78.55
78.5	78.58
78.5	78.21
78.5	78.46
78.5	78.40
78.5	78.86
78.5	78.36
78.5	78.20
78.5	78.63
78.5	78.13
78.5	78.67
78.5	78.51
78.5	78.68
78.5	78.53
78.5	78.65
78.5	78.15
78.5	78.31
78.5	78.64
78.5	78.18
78.5	78.1
78.5	78.72
78.5	78.2
78.5	78.43
78.5	78.57
78.5	78.22
78.5	78.56
78.5	78.12
78.5	78.70
78.5	78.50
78.6	78.62
78.6	78.66
78.7	78.100
78.7	78.16
78.7	78.10
78.7	78.28
78.7	78.82
78.8	78.89
79.1	79.1
79.1	79.35
79.2	79.97
80.1	80.65
80.1	80.75
80.1	80.19
80.1	80.62
80.1	80.92
80.1	80.45
80.1	80.56
80.1	80.67
80.1	80.13
80.1	80.6
80.1	80.34
80.1	80.42
80.1	80.3
80.1	80.33
80.1	80.9
80.1	80.1
80.2	80.3
80.3	80.31
81.1	81.9
81.2	81.4
81.3	81.1
81.3	81.79
81.3	81.24
81.3	81.86
81.3	81.2
81.3	81.33
81.3	81.74
81.3	81.31
81.3	81.75
81.3	81.5
81.3	81.98
81.3	81.76
81.3	81.56
81.3	81.47
81.3	81.61
81.3	81.59
81.3	81.90
81.3	81.26
81.4	81.69
81.5	81.40
81.5	81.34
81.5	81.18
81.9	81.89
81.9	81.28
81.9	81.97
81.9	81.15
81.9	81.68
81.9	81.84
81.9	81.100
81.9	81.87
81.9	81.27
81.9	81.93
81.9	81.6
81.9	81.73
81.9	81.7
81.9	81.58
82.10	82.64
82.10	82.3
82.10	82.91
82.1	82.1
82.1	82.66
82.1	82.13
82.1	82.57
82.1	82.79
82.1	82.70
82.1	82.29
82.2	82.81
82.2	82.68
82.5	82.59
82.5	82.12
82.6	82.33
82.6	82.78
82.6	82.72
82.6	82.5
82.8	82.56
83.1	83.56
83.1	83.8
83.1	83.12
83.1	83.90
83.1	83.66
83.1	83.58
83.1	83.98
83.1	83.50
83.1	83.77
83.1	83.1
83.1	83.4
83.1	83.13
83.1	83.73
83.1	83.26
83.1	83.2
83.1	83.74
83.1	83.3
83.1	83.45
83.1	83.86
83.1	83.75
83.1	83.85
83.3	83.83
83.3	83.38
83.3	83.51
83.4	83.3
84.1	84.53
84.1	84.12
84.1	84.4
84.1	84.92
84.1	84.27
84.1	84.14
84.1	84.22
84.1	84.55
84.1	84.46
84.1	84.58
84.1	84.13
84.1	84.29
84.1	84.70
84.1	84.18
84.1	84.47
84.1	84.10
84.1	84.28
84.1	84.48
84.2	84.84
84.2	84.64
84.2	84.37
84.2	84.19
84.2	84.90
84.2	84.1
84.2	84.6
84.2	84.30
84.2	84.97
84.2	84.91
84.2	84.79
84.2	84.93
84.2	84.57
84.2	84.34
84.2	84.88
84.2	84.38
84.2	84.16
84.2	84.61
84.2	84.44
84.2	84.71
84.2	84.68
84.2	84.98
84.2	84.83
84.2	84.73
84.2	84.81
84.2	84.33
84.2	84.3
84.2	84.74
84.2	84.80
84.2	84.45
84.2	84.8
84.2	84.95
84.2	84.77
84.2	84.96
84.3	84.67
84.3	84.99
84.3	84.42
84.3	84.20
84.3	84.52
84.3	84.25
84.3	84.100
84.3	84.59
84.3	84.36
84.3	84.54
84.3	84.51
84.3	84.41
84.3	84.40
84.3	84.5
84.3	84.49
84.3	84.15
84.3	84.86
84.3	84.43
84.3	84.65
84.3	84.32
84.3	84.24
84.3	84.63
84.3	84.78
84.3	84.72
84.3	84.39
84.3	84.11
84.3	84.23
84.3	84.17
84.3	84.69
84.3	84.2
84.3	84.66
84.4	84.72
84.4	84.99
84.4	84.23
84.4	84.25
85.1	85.57
85.1	85.67
85.1	85.28
85.1	85.37
85.1	85.96
85.1	85.90
85.1	85.75
85.1	85.20
85.1	85.9
85.1	85.76
85.1	85.4
85.1	85.22
85.1	85.11
85.1	85.80
85.1	85.54
85.1	85.77
85.1	85.35
85.1	85.29
85.1	85.6
85.1	85.14
85.1	85.81
85.1	85.34
85.1	85.84
85.1	85.21
85.1	85.38
85.1	85.63
85.1	85.41
85.1	85.23
85.1	85.87
85.1	85.78
85.1	85.33
85.1	85.73
85.1	85.1
85.1	85.12
85.1	85.24
85.1	85.25
85.1	85.5
85.1	85.17
85.1	85.7
85.1	85.100
85.1	85.48
85.1	85.27
85.1	85.3
85.1	85.62
85.1	85.50
85.1	85.97
85.1	85.69
85.1	85.2
85.1	85.31
85.1	85.15
85.1	85.47
85.1	85.89
85.1	85.18
85.1	85.93
85.1	85.19
85.1	85.43
85.1	85.60
85.1	85.92
85.1	85.59
85.1	85.46
85.1	85.40
85.1	85.45
85.1	85.91
85.1	85.39
85.1	85.61
85.1	85.68
85.1	85.51
85.1	85.8
85.1	85.13
85.1	85.86
85.1	85.49
85.2	85.16
85.2	85.88
85.2	85.53
85.2	85.10
85.4	85.98
86.1	86.76
86.1	86.63
86.1	86.25
86.1	86.59
86.1	86.78
86.1	86.69
86.1	86.100
86.1	86.79
86.1	86.34
86.1	86.98
86.1	86.30
86.1	86.89
86.1	86.80
86.1	86.6
86.1	86.55
86.1	86.18
86.1	86.26
86.1	86.19
86.1	86.92
86.1	86.42
86.1	86.5
86.1	86.7
86.1	86.2
86.1	86.9
86.1	86.10
86.1	86.43
86.1	86.22
86.1	86.16
86.1	86.52
86.1	86.21
86.1	86.86
86.1	86.93
86.1	86.44
86.1	86.61
86.1	86.1
86.1	86.75
86.1	86.73
86.1	86.8
86.1	86.32
86.1	86.68
86.1	86.11
86.1	86.64
86.1	86.3
86.1	86.94
86.1	86.50
86.1	86.66
86.1	86.87
86.1	86.23
86.1	86.33
86.1	86.85
86.1	86.67
86.1	86.62
86.1	86.70
86.1	86.88
86.1	86.24
86.1	86.54
86.1	86.91
86.1	86.14
86.1	86.36
86.1	86.60
86.1	86.77
86.1	86.45
86.1	86.27
86.1	86.15
86.1	86.31
86.1	86.65
86.1	86.35
86.1	86.47
86.1	86.53
86.1	86.40
86.1	86.56
86.1	86.72
86.1	86.13
86.1	86.99
86.1	86.84
86.1	86.20
86.1	86.4
86.1	86.46
86.1	86.49
86.1	86.51
86.1	86.28
86.1	86.90
86.1	86.71
86.1	86.39
86.1	86.58
86.1	86.57
86.1	86.97
86.1	86.96
86.1	86.83
86.1	86.41
86.1	86.29
86.1	86.12
86.1	86.48
86.1	86.82
86.1	86.74
86.1	86.38
86.1	86.17
86.1	86.81
87.1	87.51
87.1	87.64
87.1	87.19
87.1	87.56
87.1	87.36
87.1	87.31
87.1	87.66
87.1	87.47
87.1	87.95
87.1	87.38
87.1	87.82
87.1	87.26
87.1	87.10
87.1	87.57
87.1	87.53
87.1	87.83
87.1	87.69
87.1	87.46
87.1	87.86
87.1	87.52
87.1	87.7
87.1	87.11
87.1	87.91
87.1	87.55
87.1	87.35
87.1	87.18
87.1	87.34
87.1	87.17
87.1	87.1
87.1	87.77
87.1	87.48
87.1	87.74
87.1	87.22
87.1	87.81
87.1	87.73
87.1	87.2
87.1	87.14
87.1	87.45
87.1	87.93
87.1	87.85
87.1	87.75
87.1	87.15
87.1	87.84
87.1	87.5
87.1	87.37
87.1	87.94
87.1	87.12
87.1	87.27
87.1	87.41
87.1	87.33
87.1	87.97
87.1	87.68
87.1	87.50
87.1	87.80
87.1	87.16
87.2	87.3
87.2	87.13
87.2	87.23
87.2	87.96
87.2	87.76
87.2	87.25
87.2	87.39
87.2	87.100
87.2	87.54
87.2	87.32
87.2	87.30
87.2	87.78
87.2	87.6
87.2	87.61
87.2	87.24
87.2	87.40
87.2	87.59
87.2	87.20
87.2	87.42
87.2	87.4
87.2	87.87
87.2	87.9
87.3	87.62
87.3	87.99
87.3	87.71
87.3	87.67
87.3	87.89
88.4	88.32
88.4	88.15
88.4	88.56
88.5	88.63
88.5	88.40
88.5	88.6
88.5	88.98
88.5	88.33
88.5	88.95
88.5	88.45
88.5	88.69
88.5	88.1
88.5	88.13
88.5	88.14
88.5	88.75
88.5	88.35
88.5	88.68
88.5	88.66
88.5	88.85
88.5	88.4
88.5	88.49
88.5	88.2
88.5	88.17
88.5	88.31
88.5	88.19
88.5	88.26
88.5	88.48
88.5	88.27
88.5	88.60
88.6	88.99
88.6	88.12
88.6	88.5
89.1	89.31
89.1	89.40
89.1	89.8
89.1	89.100
89.1	89.57
89.1	89.72
89.1	89.83
89.1	89.10
89.1	89.12
89.1	89.15
89.1	89.82
89.1	89.97
89.1	89.74
89.1	89.71
89.1	89.25
89.1	89.37
89.1	89.17
89.1	89.62
89.1	89.58
89.1	89.90
89.1	89.96
89.1	89.27
89.1	89.65
89.1	89.24
89.1	89.85
89.1	89.78
89.1	89.29
89.1	89.54
89.1	89.86
89.1	89.14
89.1	89.94
89.1	89.66
89.1	89.6
89.1	89.45
89.1	89.88
89.1	89.1
89.1	89.98
89.1	89.80
89.1	89.34
89.1	89.61
89.1	89.49
89.1	89.53
89.1	89.43
89.1	89.89
89.1	89.76
89.1	89.2
89.1	89.38
89.1	89.84
89.1	89.9
89.1	89.48
89.1	89.63
89.1	89.5
89.1	89.60
89.1	89.77
89.1	89.11
89.3	89.67
89.3	89.93
89.3	89.16
89.3	89.7
89.3	89.95
90.1	90.89
90.1	90.78
90.1	90.57
90.1	90.6
90.1	90.62
90.1	90.30
90.1	90.4
90.1	90.100
90.1	90.69
90.1	90.3
90.1	90.60
90.1	90.52
90.1	90.42
90.1	90.87
90.1	90.59
90.1	90.94
90.1	90.5
90.1	90.98
90.1	90.51
90.1	90.23
90.1	90.68
90.1	90.63
90.1	90.38
90.1	90.76
90.1	90.66
90.1	90.31
90.1	90.58
90.1	90.79
90.1	90.95
90.1	90.1
90.1	90.10
90.1	90.56
90.1	90.26
90.1	90.17
90.1	90.97
90.1	90.46
90.1	90.16
90.1	90.70
90.1	90.75
90.1	90.71
90.1	90.39
90.1	90.36
90.1	90.61
90.1	90.2
90.1	90.8
90.1	90.37
90.1	90.84
90.1	90.88
90.1	90.74
90.1	90.83
90.1	90.50
90.1	90.85
90.1	90.40
90.1	90.99
90.1	90.80
90.1	90.9
90.1	90.54
90.1	90.43
90.1	90.49
90.1	90.55
90.1	90.48
90.1	90.28
90.1	90.72
90.1	90.29
90.1	90.67
90.1	90.20
90.1	90.45
90.1	90.12
90.1	90.77
90.1	90.13
90.1	90.25
90.1	90.86
90.1	90.53
90.1	90.93
90.1	90.34
90.1	90.22
90.1	90.44
90.1	90.47
90.1	90.14
90.1	90.15
90.1	90.91
90.1	90.7
90.1	90.24
90.1	90.81
90.1	90.90
90.1	90.19
90.1	90.33
90.1	90.64
90.1	90.21
90.1	90.96
90.1	90.41
90.2	90.92
90.2	90.27
91.1	91.4
91.1	91.2
91.1	91.31
91.1	91.49
91.1	91.33
91.1	91.89
91.1	91.82
91.1	91.71
91.10	91.42
91.17	91.10
91.18	91.99
91.2	91.71
91.2	91.31
91.2	91.49
91.2	91.4
91.2	91.40
91.2	91.39
91.2	91.92
91.2	91.2
91.2	91.51
91.2	91.58
91.2	91.21
91.2	91.33
91.2	91.83
91.28	91.28
91.29	91.57
91.30	91.68
91.30	91.93
91.30	91.16
91.30	91.98
91.30	91.65
91.30	91.3
91.3	91.1
91.31	91.8
91.32	91.45
91.32	91.97
91.5	91.25
91.8	91.88
92.1	92.78
92.1	92.16
92.1	92.32
92.1	92.30
92.1	92.68
92.1	92.70
92.1	92.41
92.1	92.58
92.1	92.43
92.1	92.57
92.1	92.37
92.1	92.14
92.1	92.60
92.1	92.98
92.1	92.82
92.1	92.63
92.1	92.25
92.1	92.19
92.1	92.24
92.1	92.18
92.1	92.52
92.1	92.53
92.1	92.94
92.1	92.54
92.1	92.33
92.1	92.66
92.1	92.71
92.1	92.55
92.1	92.29
92.1	92.100
92.1	92.38
92.1	92.46
92.1	92.34
92.1	92.99
92.1	92.74
92.1	92.27
92.1	92.72
92.1	92.17
92.1	92.42
92.1	92.79
92.1	92.96
92.1	92.64
92.1	92.77
92.1	92.1
92.1	92.40
92.1	92.2
92.1	92.73
92.1	92.80
92.1	92.12
92.1	92.47
92.1	92.65
92.1	92.4
92.1	92.5
92.1	92.6
92.1	92.61
92.1	92.91
92.1	92.36
92.1	92.3
92.1	92.75
92.1	92.76
92.1	92.86
92.1	92.51
92.1	92.88
92.1	92.50
92.1	92.21
92.1	92.87
92.1	92.22
92.1	92.13
92.1	92.44
92.1	92.69
92.1	92.28
92.1	92.7
92.1	92.23
92.1	92.84
92.1	92.10
92.1	92.62
92.1	92.31
92.1	92.48
92.1	92.9
92.1	92.89
92.1	92.11
92.1	92.8
92.2	92.59
92.3	92.59
92.4	92.15
93.1	93.96
93.1	93.93
93.1	93.14
93.1	93.95
93.1	93.20
93.1	93.51
93.1	93.100
93.1	93.50
93.1	93.42
93.1	93.70
93.1	93.28
93.1	93.65
93.1	93.57
93.1	93.12
93.1	93.26
93.1	93.31
93.1	93.99
93.1	93.5
93.1	93.49
93.1	93.29
93.1	93.58
93.1	93.47
93.1	93.11
93.1	93.35
93.1	93.69
93.1	93.66
93.1	93.22
93.1	93.2
93.1	93.39
93.1	93.71
93.1	93.98
93.1	93.90
93.1	93.59
93.1	93.25
93.1	93.8
93.1	93.21
93.1	93.40
93.1	93.38
93.1	93.94
93.1	93.16
93.1	93.52
93.1	93.17
93.1	93.92
93.1	93.24
93.1	93.53
93.1	93.75
93.1	93.85
93.1	93.34
93.1	93.19
93.1	93.7
93.1	93.91
93.1	93.68
93.1	93.6
93.1	93.86
93.1	93.56
93.1	93.97
93.1	93.81
93.1	93.55
93.1	93.67
93.1	93.84
93.1	93.33
93.1	93.4
93.1	93.46
93.1	93.37
93.1	93.32
93.1	93.27
93.1	93.1
93.1	93.83
93.1	93.15
93.1	93.48
93.1	93.64
93.1	93.54
93.1	93.73
93.1	93.45
93.1	93.9
93.1	93.87
93.1	93.23
93.1	93.63
93.1	93.88
93.2	93.60
93.2	93.30
93.2	93.61
93.2	93.80
93.2	93.62
93.2	93.41
93.2	93.18
93.2	93.43
93.2	93.3
93.4	93.61
93.4	93.3
94.1	94.5
94.2	94.27
94.2	94.23
94.3	94.72
94.3	94.44
94.3	94.80
94.3	94.48
94.3	94.23
94.4	94.96
94.4	94.75
95.1	95.8
95.1	95.11
95.1	95.1
95.2	95.41
95.2	95.97
95.2	95.4
95.2	95.13
95.2	95.75
95.2	95.7
95.2	95.95
95.2	95.10
95.3	95.36
95.3	95.6
95.3	95.78
95.4	95.65
95.4	95.17
96.1	96.9
96.1	96.67
96.1	96.34
96.1	96.94
96.1	96.89
96.1	96.84
96.1	96.52
96.1	96.48
96.1	96.47
96.1	96.2
96.1	96.10
96.1	96.44
96.1	96.50
96.1	96.18
96.1	96.58
96.1	96.38
96.1	96.4
96.1	96.21
96.1	96.61
96.1	96.20
96.1	96.19
96.2	96.17
96.2	96.1
96.3	96.99
96.3	96.43
96.3	96.30
96.3	96.13
96.6	96.74
96.6	96.75
96.6	96.7
96.7	96.100
96.8	96.20
96.8	96.42
96.8	96.23
96.8	96.6
96.8	96.68
96.8	96.12
96.8	96.36
97.1	97.70
97.1	97.30
97.1	97.33
97.1	97.86
97.1	97.41
97.1	97.38
97.1	97.2
97.1	97.88
97.1	97.10
97.1	97.17
97.1	97.75
97.1	97.45
97.1	97.4
97.1	97.63
97.1	97.12
97.1	97.78
97.1	97.81
97.1	97.59
97.1	97.5
97.1	97.22
97.1	97.28
97.1	97.1
97.1	97.98
97.1	97.61
97.1	97.11
97.1	97.20
97.1	97.39
97.1	97.72
97.1	97.73
97.1	97.43
97.1	97.87
97.1	97.54
97.1	97.74
97.1	97.42
97.1	97.52
97.1	97.24
97.1	97.21
97.1	97.13
97.1	97.66
97.1	97.3
97.1	97.32
97.1	97.9
97.1	97.14
97.1	97.26
97.1	97.35
97.1	97.6
97.1	97.27
97.1	97.23
97.2	97.44
97.2	97.8
97.2	97.79
97.2	97.64
97.2	97.80
97.2	97.51
97.2	97.76
97.2	97.65
97.2	97.95
97.2	97.36
98.1	98.96
98.1	98.43
98.1	98.1
98.1	98.63
98.1	98.82
98.1	98.67
98.1	98.56
98.1	98.94
98.1	98.15
98.1	98.23
98.1	98.26
98.1	98.10
98.1	98.77
98.1	98.44
98.1	98.60
98.10	98.48
98.10	98.28
98.11	98.33
98.11	98.57
98.2	98.5
98.2	98.99
98.2	98.46
98.2	98.83
98.2	98.92
98.2	98.53
98.2	98.18
98.2	98.6
98.2	98.75
98.2	98.40
98.2	98.8
98.2	98.54
98.2	98.20
98.2	98.95
98.2	98.9
98.2	98.11
98.2	98.97
98.2	98.66
98.2	98.80
98.2	98.29
98.2	98.58
98.3	98.4
98.3	98.62
98.3	98.20
98.3	98.50
98.4	98.30
98.5	98.91
98.5	98.74
98.5	98.69
98.6	98.71
98.6	98.52
98.6	98.59
98.6	98.70
98.6	98.6
98.6	98.39
98.6	98.12
98.6	98.78
98.6	98.55
98.6	98.7
98.6	98.68
98.6	98.98
98.6	98.13
98.6	98.24
98.6	98.2
98.6	98.34
98.7	98.25
98.8	98.89
99.1	99.23
99.1	99.4
99.1	99.24
99.1	99.66
99.2	99.13
99.2	99.78
99.2	99.51
99.2	99.17
99.2	99.70
99.2	99.57
99.2	99.68
99.2	99.75
100.1	100.68
100.1	100.91
100.1	100.27
100.2	100.80
100.2	100.73
100.2	100.53
100.2	100.41
100.2	100.28
100.2	100.36
100.2	100.92
100.2	100.42
100.2	100.86
100.2	100.82
100.2	100.6
100.2	100.21
100.2	100.14
100.2	100.20
100.2	100.19
100.2	100.35
100.2	100.79
100.2	100.16
100.2	100.22
100.2	100.40
100.2	100.93
100.2	100.24
100.2	100.12
100.2	100.4
100.2	100.44
100.2	100.9
100.2	100.2
100.2	100.94
100.3	100.85
100.3	100.22
100.3	100.99
100.4	100.8
100.4	100.17
100.4	100.5
100.6	100.29
100.6	100.95
100.6	100.7
101.1	101.83
101.1	101.25
101.1	101.17
101.1	101.91
101.1	101.84
101.1	101.4
101.1	101.68
101.2	101.7
101.2	101.20
101.2	101.17
101.2	101.32
101.2	101.5
101.2	101.14
101.2	101.76
101.2	101.81
101.2	101.10
101.2	101.13
101.2	101.64
101.2	101.1
101.2	101.67
101.2	101.24
101.2	101.2
101.2	101.87
101.2	101.6
101.2	101.3
101.3	101.99
101.3	101.60
102.1	102.66
102.1	102.3
102.1	102.53
102.1	102.33
102.1	102.84
102.1	102.75
102.1	102.25
102.1	102.54
102.1	102.15
102.1	102.26
102.2	102.79
102.2	102.85
102.2	102.56
102.2	102.94
102.2	102.64
102.2	102.42
102.2	102.88
102.2	102.32
102.2	102.97
102.2	102.89
102.2	102.39
102.2	102.74
102.2	102.62
102.2	102.45
102.2	102.1
102.2	102.61
102.2	102.37
102.2	102.50
102.2	102.41
102.2	102.73
102.2	102.57
102.2	102.9
102.2	102.86
102.2	102.24
102.2	102.31
102.2	102.34
102.2	102.96
102.2	102.10
102.2	102.71
102.2	102.21
102.2	102.90
102.2	102.77
102.2	102.38
102.2	102.92
102.2	102.69
102.2	102.23
102.2	102.83
102.2	102.70
102.2	102.76
102.2	102.40
102.2	102.18
102.2	102.68
102.2	102.78
102.2	102.27
102.2	102.65
102.2	102.36
102.2	102.98
102.2	102.60
102.2	102.20
102.2	102.72
102.2	102.81
102.2	102.48
102.2	102.19
102.2	102.4
102.2	102.6
102.2	102.99
102.2	102.100
102.2	102.13
102.2	102.51
102.2	102.58
102.2	102.93
102.2	102.29
102.2	102.14
102.2	102.35
102.2	102.17
102.2	102.91
102.2	102.46
102.2	102.80
102.2	102.95
102.2	102.87
102.2	102.7
102.2	102.55
102.2	102.63
102.2	102.82
102.2	102.49
102.2	102.2
102.2	102.52
102.2	102.59
103.1	103.51
103.1	103.3
103.1	103.76
103.1	103.24
103.1	103.87
103.1	103.71
103.1	103.23
103.1	103.75
103.1	103.27
103.1	103.9
103.1	103.100
103.1	103.60
103.1	103.44
103.1	103.92
103.1	103.61
103.1	103.25
103.1	103.38
103.1	103.72
103.1	103.5
103.1	103.96
103.1	103.55
103.1	103.46
103.1	103.7
103.1	103.36
103.1	103.13
103.1	103.4
103.1	103.81
103.1	103.78
103.1	103.15
103.1	103.17
103.1	103.42
103.1	103.86
103.1	103.66
103.1	103.94
103.1	103.16
103.1	103.67
103.1	103.41
103.1	103.26
103.1	103.39
103.1	103.74
103.1	103.43
103.1	103.1
103.1	103.6
103.1	103.40
103.1	103.2
103.1	103.54
103.1	103.48
103.1	103.19
103.1	103.32
103.1	103.77
103.1	103.35
103.1	103.64
103.1	103.57
103.1	103.95
103.1	103.31
103.1	103.33
103.1	103.63
103.1	103.79
103.1	103.52
103.1	103.90
103.1	103.8
103.1	103.47
103.1	103.73
103.1	103.83
103.1	103.30
103.1	103.12
103.1	103.70
103.1	103.50
103.1	103.93
103.1	103.59
103.1	103.21
103.1	103.68
103.1	103.11
103.1	103.88
103.1	103.69
103.2	103.14
103.2	103.10
104.1	104.26
104.1	104.13
104.1	104.46
104.2	104.11
104.2	104.2
104.2	104.96
104.2	104.34
104.2	104.28
104.3	104.19
104.3	104.57
104.4	104.39
104.4	104.66
104.4	104.19
104.4	104.61
104.6	104.87
105.1	105.87
105.1	105.71
105.1	105.36
105.1	105.81
105.1	105.65
105.1	105.55
105.1	105.28
105.1	105.44
105.1	105.80
105.1	105.37
105.1	105.31
105.1	105.33
105.1	105.52
105.1	105.77
105.1	105.91
105.1	105.86
105.1	105.48
105.1	105.8
105.1	105.79
105.1	105.83
105.2	105.1
105.2	105.53
105.2	105.39
105.2	105.70
105.2	105.45
105.2	105.3
105.2	105.96
105.2	105.54
105.2	105.61
105.2	105.27
105.2	105.2
105.2	105.95
105.2	105.5
105.2	105.22
105.2	105.18
105.2	105.24
105.2	105.42
105.2	105.64
105.2	105.43
105.2	105.57
105.2	105.26
106.1	106.80
106.1	106.74
106.1	106.58
106.1	106.98
106.1	106.86
106.1	106.91
106.1	106.47
106.1	106.60
106.1	106.37
106.1	106.48
106.1	106.53
106.1	106.55
106.1	106.30
106.1	106.2
106.1	106.20
106.1	106.50
106.1	106.39
106.1	106.82
106.1	106.61
106.1	106.42
106.1	106.62
106.1	106.49
106.1	106.15
106.1	106.76
106.1	106.16
106.1	106.36
106.1	106.59
106.1	106.99
106.1	106.52
106.1	106.25
106.1	106.7
106.1	106.56
106.1	106.27
106.1	106.34
106.1	106.26
106.1	106.81
106.1	106.33
106.1	106.51
106.1	106.57
106.1	106.41
106.1	106.78
106.1	106.18
106.1	106.89
106.1	106.75
106.1	106.65
106.2	106.45
106.2	106.17
106.2	106.28
106.2	106.63
106.2	106.38
106.2	106.72
106.2	106.22
106.2	106.31
106.2	106.100
106.3	106.23
106.3	106.84
106.3	106.3
106.3	106.1
106.3	106.82
106.3	106.73
106.3	106.77
106.4	106.21
106.4	106.4
107.1	107.3
107.1	107.99
107.1	107.47
107.1	107.97
107.1	107.16
107.1	107.64
107.1	107.6
107.1	107.1
107.1	107.78
107.1	107.27
107.1	107.4
107.1	107.77
107.1	107.2
107.1	107.32
107.1	107.82
107.1	107.14
107.1	107.57
107.1	107.52
107.1	107.87
107.1	107.12
107.1	107.30
107.2	107.77
107.2	107.36
107.2	107.52
107.2	107.17
107.3	107.86
107.3	107.36
107.3	107.17
107.4	107.36
107.4	107.17
107.5	107.11
107.5	107.40
107.5	107.76
107.5	107.33
107.5	107.41
107.5	107.22
107.5	107.81
107.7	107.56
107.7	107.24
107.7	107.5
108.1	108.49
108.1	108.1
108.1	108.53
108.1	108.40
108.1	108.87
108.1	108.50
108.1	108.91
108.1	108.15
108.1	108.20
108.1	108.83
108.1	108.54
108.1	108.42
108.1	108.61
108.1	108.75
108.1	108.3
108.1	108.41
108.1	108.94
108.1	108.57
108.1	108.84
108.1	108.69
108.2	108.88
108.2	108.36
108.2	108.19
108.2	108.4
108.2	108.37
108.2	108.14
108.2	108.1
108.2	108.52
108.2	108.68
108.2	108.2
108.2	108.82
108.2	108.63
108.2	108.97
108.2	108.35
108.2	108.43
108.2	108.83
108.2	108.51
108.2	108.30
108.2	108.44
108.2	108.33
108.2	108.62
108.2	108.100
108.2	108.81
108.2	108.32
108.2	108.58
108.2	108.31
108.2	108.7
108.2	108.6
108.2	108.34
108.2	108.11
108.2	108.18
108.2	108.77
108.2	108.65
108.2	108.16
108.2	108.23
108.2	108.60
108.2	108.48
108.2	108.17
108.2	108.27
108.2	108.99
108.2	108.90
108.2	108.85
108.2	108.98
108.2	108.96
108.2	108.26
108.2	108.70
108.2	108.13
108.2	108.10
108.2	108.39
108.2	108.76
108.2	108.24
108.2	108.29
108.2	108.12
108.2	108.89
108.2	108.95
108.2	108.64
109.1	109.13
109.1	109.18
109.1	109.82
109.1	109.2
109.1	109.41
109.1	109.69
109.1	109.80
109.1	109.57
109.1	109.40
109.1	109.59
109.1	109.25
109.1	109.43
109.1	109.4
109.1	109.20
109.1	109.98
109.1	109.97
109.1	109.6
109.1	109.53
109.1	109.11
109.1	109.10
109.1	109.1
109.1	109.35
109.1	109.7
109.1	109.72
109.1	109.9
109.1	109.62
109.1	109.14
109.1	109.45
109.1	109.33
109.1	109.8
109.1	109.42
109.1	109.55
109.1	109.12
109.1	109.48
109.1	109.54
109.10	109.44
109.2	109.3
109.2	109.24
109.2	109.18
109.2	109.28
109.2	109.38
109.2	109.21
109.2	109.40
109.2	109.84
109.2	109.5
109.2	109.74
109.2	109.66
109.5	109.79
109.5	109.19
109.5	109.15
109.6	109.16
110.1	110.97
110.1	110.40
110.1	110.95
110.1	110.38
110.1	110.1
110.1	110.48
110.1	110.96
110.1	110.32
110.1	110.17
110.1	110.45
110.1	110.23
110.1	110.55
110.1	110.44
110.1	110.3
110.1	110.92
110.1	110.90
110.1	110.77
110.1	110.93
110.1	110.71
110.1	110.6
110.1	110.18
110.1	110.61
110.1	110.74
110.1	110.16
110.1	110.50
110.1	110.80
110.1	110.9
110.1	110.47
110.1	110.83
110.1	110.27
110.1	110.36
110.1	110.31
110.1	110.33
110.1	110.94
110.1	110.59
110.1	110.78
110.1	110.19
110.1	110.7
110.1	110.12
110.1	110.91
110.1	110.28
110.1	110.4
110.1	110.66
110.1	110.84
110.1	110.14
110.1	110.81
110.1	110.79
110.1	110.68
110.2	110.60
110.2	110.2
110.2	110.57
110.2	110.76
110.2	110.69
110.2	110.38
110.2	110.5
110.2	110.51
110.2	110.35
110.2	110.100
110.2	110.73
110.2	110.72
110.2	110.24
110.2	110.54
110.2	110.22
110.2	110.42
110.2	110.41
110.2	110.70
110.2	110.56
110.2	110.37
110.2	110.88
110.2	110.39
110.2	110.99
110.2	110.53
110.2	110.87
110.2	110.25
110.2	110.15
110.2	110.21
110.2	110.43
110.2	110.85
110.2	110.20
110.2	110.11
110.2	110.98
110.2	110.26
110.2	110.67
110.2	110.82
110.2	110.64
110.2	110.89
110.2	110.86
110.2	110.65
111.1	111.88
111.1	111.17
111.1	111.90
111.1	111.68
111.1	111.37
111.1	111.1
111.1	111.26
111.1	111.3
111.1	111.81
111.1	111.19
111.1	111.2
111.1	111.64
112.3	112.1
112.3	112.91
112.3	112.14
112.3	112.3
112.4	112.31
112.6	112.100
112.6	112.76
113.1	113.56
113.1	113.21
113.1	113.96
113.1	113.88
113.1	113.6
113.1	113.73
113.1	113.49
113.1	113.22
113.1	113.58
113.1	113.23
113.1	113.99
113.1	113.89
113.1	113.19
113.1	113.83
113.1	113.5
113.1	113.38
113.1	113.93
113.1	113.85
113.1	113.79
113.1	113.91
113.1	113.95
113.1	113.48
113.1	113.100
113.1	113.78
113.1	113.20
113.1	113.62
113.1	113.97
113.1	113.15
113.1	113.28
113.1	113.25
113.1	113.50
113.1	113.94
113.1	113.47
113.1	113.1
113.1	113.10
113.1	113.2
113.1	113.71
113.1	113.51
113.1	113.76
113.1	113.42
113.1	113.65
113.2	113.87
113.7	113.92
113.7	113.8
114.1	114.99
114.1	114.11
114.1	114.81
114.1	114.5
114.1	114.2
114.1	114.58
114.1	114.31
114.1	114.10
114.1	114.30
114.1	114.9
114.2	114.44
114.2	114.54
114.2	114.60
114.2	114.97
114.2	114.73
114.2	114.32
114.2	114.71
114.2	114.37
114.2	114.92
114.2	114.23
114.2	114.7
114.2	114.75
114.2	114.61
114.2	114.53
114.2	114.87
114.2	114.3
114.2	114.72
114.2	114.16
114.2	114.56
114.2	114.96
114.2	114.51
114.2	114.14
114.3	114.84
114.3	114.69
114.3	114.59
114.3	114.8
114.3	114.85
114.3	114.10
114.3	114.17
114.3	114.80
114.3	114.1
114.3	114.57
114.3	114.66
114.3	114.24
114.4	114.40
114.4	114.26
114.4	114.15
114.4	114.67
114.4	114.41
114.4	114.89
114.4	114.49
114.4	114.95
114.4	114.50
114.4	114.46
114.4	114.33
114.4	114.83
114.4	114.29
114.4	114.68
114.4	114.52
114.4	114.18
114.4	114.48
114.4	114.20
114.4	114.91
114.4	114.28
114.4	114.21
114.4	114.62
114.4	114.38
114.4	114.31
114.4	114.27
114.4	114.35
114.4	114.12
114.4	114.47
114.4	114.77
114.4	114.78
114.4	114.70
114.4	114.94
114.4	114.34
114.4	114.6
114.4	114.13
114.4	114.19
114.4	114.45
114.5	114.65
114.5	114.82
114.5	114.83
114.6	114.40
114.6	114.15
114.6	114.95
114.6	114.50
114.6	114.27
114.6	114.83
114.6	114.29
114.6	114.18
114.6	114.77
114.6	114.3
114.6	114.22
114.6	114.42
114.6	114.20
114.6	114.13
114.6	114.91
114.6	114.36
114.6	114.45
114.7	114.25
115.1	115.88
115.1	115.91
115.1	115.5
115.4	115.92
115.5	115.26
116.1	116.40
116.1	116.98
116.1	116.34
116.1	116.10
116.1	116.68
116.1	116.21
116.1	116.17
116.1	116.53
116.1	116.51
116.1	116.43
116.1	116.12
116.1	116.46
116.1	116.39
116.1	116.87
116.1	116.92
116.1	116.18
116.1	116.8
116.1	116.24
116.1	116.93
116.1	116.89
116.1	116.30
116.1	116.58
116.1	116.5
116.1	116.90
116.1	116.67
116.1	116.61
116.1	116.75
116.1	116.49
116.1	116.97
116.1	116.62
116.1	116.33
116.1	116.60
116.1	116.48
116.1	116.6
116.1	116.65
116.1	116.52
116.1	116.28
116.1	116.26
116.1	116.85
116.1	116.27
116.1	116.50
116.1	116.25
116.1	116.38
116.1	116.83
116.1	116.94
116.1	116.1
116.1	116.32
116.1	116.41
116.1	116.11
116.1	116.84
116.1	116.19
116.1	116.13
116.1	116.36
116.1	116.23
116.1	116.88
116.1	116.15
116.1	116.96
116.1	116.14
116.1	116.56
116.1	116.66
116.1	116.20
116.1	116.99
116.1	116.95
116.1	116.7
116.1	116.2
116.1	116.42
116.1	116.91
116.1	116.3
116.2	116.29
116.2	116.76
116.3	116.73
116.4	116.59
117.2	117.7
117.2	117.29
117.2	117.36
117.3	117.39
117.3	117.3
117.4	117.44
117.4	117.46
117.4	117.8
117.5	117.87
117.5	117.35
117.5	117.22
117.5	117.61
117.6	117.15
117.6	117.99
117.6	117.4
117.6	117.76
117.6	117.6
117.6	117.54
117.6	117.92
117.6	117.70
117.7	117.33
117.7	117.9
117.8	117.71
117.8	117.43
117.9	117.45
117.9	117.12
117.9	117.89
117.9	117.16
118.1	118.93
118.1	118.73
118.1	118.12
118.1	118.26
118.1	118.41
118.1	118.92
118.1	118.59
118.1	118.77
118.1	118.14
118.1	118.25
118.1	118.28
118.1	118.74
118.1	118.9
118.1	118.40
118.10	118.54
118.14	118.33
118.4	118.52
118.4	118.35
118.4	118.67
118.4	118.2
118.4	118.70
118.4	118.66
118.4	118.18
118.4	118.44
118.4	118.6
118.4	118.39
118.4	118.98
118.5	118.13
118.5	118.8
118.5	118.3
118.5	118.80
118.5	118.53
118.5	118.15
118.5	118.97
118.5	118.95
118.5	118.99
118.5	118.81
118.5	118.22
118.5	118.58
118.5	118.11
118.5	118.69
118.5	118.61
118.6	118.36
118.6	118.16
118.6	118.82
118.6	118.89
118.6	118.17
118.7	118.10
118.7	118.49
118.7	118.76
118.7	118.50
118.8	118.24
118.9	118.37
118.9	118.91
119.1	119.39
119.1	119.5
119.1	119.86
119.1	119.61
119.1	119.55
119.1	119.3
119.1	119.17
119.1	119.41
119.1	119.11
119.1	119.76
119.1	119.10
119.1	119.4
119.1	119.12
119.1	119.72
119.1	119.78
119.1	119.8
119.1	119.52
119.1	119.67
119.1	119.34
119.1	119.71
119.1	119.1
119.1	119.2
119.1	119.6
119.1	119.7
119.3	119.70
119.4	119.93
119.4	119.100
119.4	119.89
119.4	119.53
119.4	119.57
119.4	119.84
119.4	119.19
119.4	119.94
119.4	119.22
119.4	119.66
119.4	119.21
119.4	119.47
119.4	119.14
119.4	119.90
119.4	119.64
119.4	119.74
119.4	119.33
119.4	119.35
119.4	119.23
119.4	119.68
119.4	119.51
119.4	119.54
119.4	119.75
119.4	119.48
119.4	119.28
119.4	119.77
119.4	119.20
119.4	119.49
119.4	119.58
119.5	119.60
119.5	119.62
119.5	119.24
119.5	119.42
119.6	119.30
119.6	119.40
119.6	119.38
120.1	120.59
120.1	120.34
120.1	120.32
120.1	120.24
120.1	120.22
120.1	120.80
120.1	120.41
120.1	120.57
120.1	120.33
120.1	120.23
120.1	120.15
120.1	120.20
120.1	120.21
120.1	120.55
120.1	120.19
120.1	120.71
120.1	120.76
120.1	120.50
120.1	120.6
120.1	120.97
120.1	120.48
120.1	120.53
120.1	120.90
120.1	120.73
120.1	120.56
120.1	120.16
120.1	120.8
120.1	120.69
120.1	120.77
120.1	120.46
120.1	120.43
120.1	120.89
120.1	120.5
120.1	120.17
120.1	120.54
120.1	120.38
120.1	120.87
120.1	120.68
120.1	120.52
120.1	120.85
120.1	120.67
120.1	120.91
120.1	120.18
120.1	120.66
120.1	120.95
120.11	120.27
120.11	120.9
120.11	120.30
120.11	120.65
120.11	120.29
120.11	120.54
120.11	120.3
120.11	120.1
120.13	120.40
120.13	120.35
120.13	120.100
120.15	120.88
120.17	120.38
121.1	121.70
121.1	121.64
121.1	121.95
121.1	121.93
121.1	121.53
121.1	121.67
121.1	121.84
121.1	121.74
121.1	121.57
121.1	121.46
121.1	121.56
121.1	121.51
121.1	121.20
121.1	121.96
121.1	121.17
121.1	121.28
121.1	121.22
121.1	121.26
121.1	121.79
121.1	121.90
121.1	121.97
121.1	121.25
121.1	121.40
121.1	121.87
121.1	121.36
121.1	121.45
121.1	121.6
121.1	121.59
121.1	121.47
121.1	121.77
121.1	121.49
121.1	121.71
121.2	121.88
121.2	121.92
121.2	121.18
121.2	121.7
121.2	121.41
121.2	121.15
121.2	121.91
121.2	121.23
121.2	121.2
121.2	121.14
121.2	121.3
121.2	121.38
121.2	121.31
121.2	121.85
121.2	121.30
121.2	121.21
121.2	121.1
121.3	121.73
121.3	121.66
121.3	121.52
122.1	122.98
122.1	122.74
122.10	122.76
122.2	122.84
122.2	122.12
122.2	122.83
122.2	122.5
122.2	122.100
122.2	122.1
122.2	122.82
122.2	122.53
122.4	122.59
122.4	122.25
122.4	122.97
122.4	122.17
122.4	122.8
122.4	122.73
122.4	122.72
122.4	122.69
122.4	122.6
122.4	122.18
122.4	122.44
122.4	122.9
122.4	122.63
122.4	122.40
122.4	122.88
122.4	122.37
122.5	122.60
122.6	122.13
122.8	122.68
122.8	122.4
123.10	123.32
123.10	123.70
123.1	123.2
123.1	123.74
123.1	123.71
123.1	123.76
123.1	123.49
123.1	123.96
123.1	123.57
123.1	123.7
123.1	123.54
123.2	123.92
123.2	123.64
123.2	123.25
123.2	123.35
123.2	123.16
123.2	123.8
123.2	123.94
123.2	123.14
123.2	123.55
123.3	123.39
123.3	123.3
123.3	123.90
123.3	123.5
123.3	123.26
123.3	123.56
123.4	123.13
123.4	123.79
123.6	123.66
123.7	123.1
123.7	123.4
123.8	123.95
124.1	124.80
124.1	124.1
124.1	124.21
124.1	124.14
124.1	124.51
124.1	124.19
124.1	124.56
124.1	124.7
124.1	124.12
124.1	124.30
124.1	124.3
124.1	124.29
124.1	124.16
124.1	124.4
124.1	124.81
124.1	124.73
124.1	124.2
124.1	124.6
124.1	124.13
124.1	124.58
124.1	124.99
124.1	124.33
124.1	124.15
124.1	124.8
124.1	124.18
124.1	124.41
124.2	124.63
124.2	124.66
124.4	124.55
124.5	124.24
124.5	124.42
124.5	124.44
124.5	124.5
124.8	124.11
125.1	125.69
125.1	125.22
125.1	125.4
125.1	125.53
125.1	125.47
125.1	125.25
125.1	125.66
125.1	125.20
125.1	125.24
125.1	125.35
125.1	125.11
125.1	125.65
125.1	125.98
125.1	125.1
125.1	125.26
125.1	125.13
125.1	125.43
125.2	125.2
125.3	125.2
125.4	125.2
125.4	125.8
125.5	125.12
125.5	125.77
125.6	125.62
125.7	125.42
126.3	126.59
126.4	126.63
126.4	126.32
126.4	126.53
126.4	126.18
126.4	126.72
126.4	126.64
126.4	126.47
126.4	126.7
126.4	126.85
126.4	126.45
126.4	126.98
126.4	126.21
126.4	126.55
126.4	126.52
126.4	126.5
126.4	126.40
126.4	126.23
126.4	126.42
126.4	126.80
126.4	126.50
126.4	126.6
126.4	126.74
126.4	126.38
126.4	126.14
126.4	126.75
126.4	126.27
126.4	126.70
126.4	126.67
126.4	126.95
126.4	126.83
126.4	126.12
126.4	126.22
126.4	126.20
126.4	126.65
126.4	126.84
126.4	126.37
126.4	126.61
126.4	126.78
126.4	126.10
126.4	126.43
126.4	126.88
126.4	126.3
126.4	126.36
126.4	126.35
126.4	126.2
126.4	126.94
126.4	126.49
127.2	127.92
127.2	127.83
127.2	127.5
127.2	127.1
127.2	127.23
127.2	127.80
127.3	127.95
127.3	127.75
127.3	127.2
127.3	127.89
127.3	127.54
127.3	127.98
127.3	127.43
127.3	127.94
127.3	127.90
127.3	127.81
127.3	127.8
127.3	127.64
127.3	127.15
127.3	127.77
127.3	127.87
127.3	127.57
127.3	127.35
127.3	127.36
127.3	127.71
127.3	127.58
127.3	127.79
127.3	127.97
127.3	127.27
127.3	127.100
127.3	127.40
127.3	127.56
127.3	127.65
127.3	127.85
127.3	127.62
127.3	127.93
127.3	127.38
127.3	127.4
127.3	127.32
127.3	127.41
127.3	127.25
127.3	127.26
127.3	127.48
127.3	127.61
127.3	127.9
127.3	127.45
127.3	127.70
127.4	127.24
127.7	127.7
127.9	127.86
127.9	127.42
128.1	128.3
128.1	128.5
128.1	128.81
128.1	128.82
128.1	128.1
128.2	128.65
129.1	129.95
129.1	129.78
129.1	129.61
129.1	129.1
129.1	129.2
129.1	129.7
129.1	129.40
129.1	129.53
129.1	129.8
129.1	129.65
129.1	129.22
129.1	129.86
129.1	129.12
129.1	129.29
129.1	129.83
129.1	129.18
129.1	129.28
129.1	129.57
129.1	129.85
129.1	129.26
129.1	129.81
129.1	129.87
129.1	129.31
129.1	129.44
129.1	129.27
129.1	129.54
129.1	129.82
129.1	129.97
129.1	129.72
129.1	129.90
129.1	129.60
129.1	129.19
129.1	129.58
129.1	129.36
129.1	129.77
129.2	129.52
129.2	129.76
129.2	129.4
129.2	129.84
129.2	129.98
129.2	129.79
129.2	129.3
129.2	129.2
129.2	129.37
129.2	129.30
129.2	129.73
129.2	129.20
129.2	129.93
129.2	129.80
129.2	129.5
129.2	129.42
129.2	129.25
129.2	129.6
129.2	129.92
129.2	129.24
129.2	129.47
129.2	129.50
129.3	129.46
129.3	129.9
129.3	129.17
129.3	129.34
129.3	129.39
129.3	129.62
129.3	129.11
129.4	129.46
129.4	129.9
129.4	129.17
129.4	129.62
129.5	129.32
129.5	129.21
130.1	130.14
130.1	130.10
130.2	130.1
130.2	130.100
130.2	130.99
130.2	130.46
130.2	130.52
130.2	130.11
130.2	130.51
130.2	130.60
130.2	130.50
130.2	130.15
130.2	130.74
130.2	130.7
130.2	130.95
130.2	130.8
130.2	130.41
130.2	130.17
130.2	130.44
130.2	130.33
130.2	130.98
130.2	130.57
130.2	130.71
130.2	130.32
130.2	130.34
130.2	130.68
130.2	130.91
130.2	130.30
130.2	130.90
130.2	130.5
130.2	130.18
130.2	130.69
130.2	130.4
130.2	130.45
130.2	130.16
130.2	130.29
130.2	130.63
130.2	130.76
130.2	130.27
130.2	130.97
130.2	130.62
130.2	130.22
130.2	130.38
130.2	130.28
130.2	130.43
130.2	130.3
130.2	130.47
130.2	130.24
130.2	130.37
130.2	130.23
130.2	130.49
130.2	130.73
130.2	130.19
130.2	130.94
130.2	130.66
130.2	130.72
130.2	130.21
130.2	130.70
130.2	130.31
130.2	130.54
130.2	130.81
130.2	130.83
130.2	130.88
130.2	130.96
130.2	130.48
130.2	130.59
130.2	130.2
130.2	130.56
130.2	130.35
130.2	130.55
130.2	130.84
130.2	130.9
130.2	130.20
130.2	130.36
131.1	131.86
131.1	131.14
131.1	131.75
131.1	131.27
131.1	131.16
131.1	131.81
131.1	131.23
131.1	131.85
131.1	131.56
131.1	131.73
131.1	131.62
131.1	131.66
131.1	131.31
131.1	131.19
131.1	131.51
131.1	131.97
131.1	131.37
131.1	131.36
131.1	131.82
131.1	131.26
131.1	131.55
131.1	131.48
131.1	131.35
131.1	131.80
131.1	131.89
131.1	131.4
131.1	131.93
131.1	131.98
131.1	131.9
131.1	131.99
131.1	131.1
131.1	131.22
131.1	131.45
131.1	131.8
131.1	131.58
131.1	131.25
131.1	131.61
131.1	131.44
131.1	131.12
131.1	131.15
131.1	131.33
131.1	131.5
131.1	131.24
131.1	131.65
131.1	131.17
131.1	131.34
131.1	131.60
131.1	131.21
131.1	131.71
131.1	131.90
131.1	131.20
131.1	131.28
131.1	131.64
131.1	131.94
131.1	131.47
131.1	131.46
131.1	131.57
131.1	131.77
131.1	131.96
131.1	131.18
131.1	131.95
131.1	131.87
131.1	131.68
131.1	131.92
131.1	131.78
131.1	131.6
131.1	131.72
131.1	131.41
131.1	131.91
131.1	131.83
131.1	131.50
131.1	131.79
131.1	131.52
131.1	131.63
131.1	131.74
131.1	131.3
131.1	131.84
131.1	131.76
131.2	131.53
131.2	131.27
131.2	131.59
131.2	131.40
131.2	131.72
131.2	131.67
131.2	131.39
131.2	131.49
131.2	131.74
131.2	131.30
131.2	131.38
131.2	131.11
131.2	131.18
131.2	131.88
131.2	131.13
131.2	131.54
131.2	131.10
131.2	131.2
132.1	132.78
132.1	132.83
132.1	132.65
132.1	132.55
132.1	132.18
132.1	132.70
132.1	132.2
132.1	132.5
132.1	132.53
132.1	132.58
132.1	132.68
132.2	132.75
132.2	132.69
132.3	132.22
132.3	132.43
132.3	132.100
132.3	132.15
132.3	132.4
132.3	132.97
132.3	132.52
132.3	132.14
132.3	132.86
132.3	132.38
132.3	132.64
132.3	132.45
132.3	132.47
132.4	132.87
132.4	132.73
132.4	132.23
132.4	132.10
132.4	132.3
132.4	132.96
132.4	132.1
132.4	132.74
132.4	132.6
132.4	132.67
132.4	132.19
133.1	133.32
133.1	133.17
133.1	133.92
133.1	133.87
133.1	133.22
133.1	133.91
133.1	133.93
133.1	133.27
133.1	133.21
133.1	133.11
133.1	133.73
133.1	133.2
133.1	133.1
133.1	133.14
133.1	133.64
133.1	133.78
133.1	133.6
133.1	133.31
133.1	133.75
133.1	133.54
133.1	133.60
133.2	133.83
133.2	133.57
133.3	133.81
133.3	133.55
133.3	133.23
133.3	133.8
133.3	133.74
133.3	133.3
133.3	133.67
133.3	133.56
133.3	133.76
133.3	133.63
133.3	133.95
133.3	133.47
133.3	133.4
133.3	133.58
133.3	133.42
133.3	133.80
133.3	133.96
133.3	133.20
133.4	133.50
133.4	133.26
133.4	133.24
133.4	133.7
133.6	133.15
133.6	133.84
133.6	133.51
133.6	133.72
134.4	134.100
134.4	134.21
134.4	134.6
134.4	134.79
134.5	134.95
134.5	134.76
134.5	134.68
134.5	134.1
134.5	134.71
134.5	134.62
134.5	134.50
134.5	134.37
134.5	134.44
134.5	134.29
134.5	134.51
134.5	134.30
134.5	134.3
134.5	134.19
134.8	134.33
134.8	134.60
135.1	135.61
135.1	135.39
135.1	135.7
135.1	135.83
135.1	135.93
135.1	135.25
135.1	135.16
135.1	135.27
135.1	135.81
135.1	135.41
135.1	135.62
135.1	135.44
135.1	135.65
135.1	135.45
135.1	135.22
135.1	135.64
135.1	135.88
135.1	135.78
135.1	135.20
135.1	135.75
135.1	135.60
135.1	135.76
135.1	135.23
135.2	135.96
135.2	135.13
135.2	135.24
135.2	135.99
135.3	135.63
135.3	135.52
135.4	135.92
135.4	135.5
135.4	135.21
135.5	135.84
135.5	135.87
135.5	135.2
135.5	135.49
135.5	135.50
136.1	136.36
136.1	136.2
136.1	136.25
136.1	136.84
136.1	136.76
136.1	136.81
136.1	136.83
136.1	136.4
136.1	136.82
136.1	136.46
136.1	136.23
136.1	136.78
136.1	136.75
136.1	136.54
136.1	136.89
136.1	136.98
136.1	136.80
136.1	136.50
136.1	136.43
136.1	136.61
136.1	136.97
136.1	136.14
136.1	136.72
136.1	136.18
136.1	136.40
136.1	136.30
136.1	136.96
136.1	136.79
136.1	136.31
136.1	136.33
136.1	136.20
136.1	136.77
136.1	136.63
136.1	136.88
136.1	136.55
136.1	136.74
136.1	136.59
136.1	136.16
136.1	136.13
136.1	136.44
136.1	136.41
136.1	136.58
136.2	136.100
136.2	136.93
136.2	136.69
136.2	136.68
136.2	136.87
136.2	136.64
137.1	137.72
137.1	137.60
137.1	137.5
137.1	137.77
137.1	137.95
137.1	137.30
137.1	137.98
137.1	137.2
137.1	137.3
137.1	137.23
137.1	137.16
137.1	137.71
137.1	137.26
137.1	137.97
137.1	137.58
137.1	137.4
137.1	137.39
137.1	137.64
137.1	137.36
137.1	137.86
137.1	137.94
137.1	137.89
137.1	137.47
137.1	137.1
137.1	137.52
137.1	137.92
137.1	137.25
137.1	137.48
137.1	137.84
137.1	137.35
137.1	137.85
137.1	137.24
137.1	137.43
137.1	137.11
137.1	137.65
137.1	137.53
137.1	137.99
137.1	137.61
137.1	137.100
137.1	137.55
137.1	137.29
137.2	137.42
137.2	137.6
137.2	137.75
137.2	137.17
137.2	137.21
137.2	137.8
137.2	137.79
137.2	137.9
137.2	137.56
137.2	137.69
137.2	137.62
137.2	137.19
137.2	137.91
137.2	137.38
137.2	137.40
137.2	137.45
137.2	137.97
137.2	137.67
137.2	137.36
137.2	137.59
137.2	137.57
137.2	137.87
137.2	137.96
137.2	137.78
137.2	137.32
137.2	137.50
137.2	137.68
137.2	137.82
137.2	137.51
137.2	137.54
137.2	137.80
137.2	137.93
137.2	137.10
137.2	137.63
137.2	137.74
137.2	137.34
137.2	137.66
137.2	137.12
137.2	137.70
137.2	137.33
137.2	137.28
137.2	137.88
138.1	138.74
138.1	138.13
138.1	138.39
138.1	138.53
138.1	138.4
138.1	138.44
138.1	138.1
138.1	138.43
138.1	138.26
138.2	138.65
138.2	138.60
138.2	138.72
138.2	138.27
138.2	138.38
138.2	138.28
138.2	138.97
138.2	138.32
138.2	138.2
138.3	138.48
138.3	138.23
138.3	138.68
138.3	138.62
138.3	138.50
138.3	138.19
138.3	138.56
138.3	138.82
138.3	138.17
138.3	138.36
138.3	138.3
139.1	139.89
139.1	139.19
139.1	139.82
139.1	139.92
139.1	139.62
139.1	139.61
139.1	139.47
139.1	139.73
139.1	139.6
139.1	139.35
139.1	139.13
139.1	139.14
139.1	139.59
139.1	139.56
139.1	139.37
139.1	139.87
139.1	139.70
139.1	139.1
139.1	139.9
139.1	139.43
139.1	139.49
139.1	139.96
139.1	139.75
139.1	139.90
139.1	139.5
139.1	139.48
139.1	139.67
139.1	139.93
139.1	139.21
139.1	139.81
139.1	139.94
139.1	139.55
139.1	139.97
139.1	139.46
139.1	139.12
139.1	139.11
139.1	139.44
139.1	139.78
139.1	139.51
139.1	139.77
139.1	139.99
139.1	139.66
139.2	139.86
139.2	139.54
139.2	139.30
139.2	139.39
139.2	139.7
139.2	139.2
139.2	139.28
139.2	139.52
139.2	139.65
139.2	139.4
139.2	139.53
139.2	139.84
139.2	139.31
139.2	139.98
139.2	139.91
139.2	139.74
139.2	139.46
139.2	139.29
139.2	139.17
139.2	139.71
139.2	139.80
139.2	139.50
139.2	139.76
139.2	139.24
139.2	139.66
140.1	140.85
140.1	140.86
140.1	140.54
140.1	140.2
140.1	140.34
140.10	140.85
140.11	140.41
140.11	140.64
140.11	140.61
140.11	140.42
140.11	140.51
140.11	140.76
140.11	140.3
140.11	140.90
140.11	140.96
140.11	140.74
140.11	140.49
140.11	140.50
140.2	140.94
140.2	140.80
140.2	140.87
140.2	140.17
140.2	140.40
140.2	140.8
140.2	140.99
140.2	140.78
140.2	140.66
140.2	140.58
140.2	140.65
140.2	140.12
140.2	140.23
140.2	140.13
140.2	140.59
140.4	140.48
140.5	140.89
141.1	141.54
141.1	141.24
141.1	141.65
141.1	141.55
141.1	141.39
141.1	141.33
141.1	141.57
141.1	141.70
141.1	141.17
141.1	141.77
141.1	141.58
141.1	141.12
141.1	141.22
141.1	141.63
141.1	141.62
141.1	141.31
141.1	141.30
141.1	141.32
141.1	141.76
141.1	141.37
141.1	141.3
141.1	141.5
141.1	141.27
141.2	141.36
141.2	141.10
141.2	141.53
141.2	141.92
141.2	141.51
141.2	141.98
141.2	141.78
141.2	141.61
141.2	141.99
141.2	141.90
141.2	141.60
141.2	141.41
141.2	141.72
141.2	141.43
141.2	141.83
141.2	141.74
141.2	141.86
141.2	141.73
141.2	141.56
141.2	141.1
141.2	141.42
141.2	141.6
141.2	141.38
141.2	141.34
141.2	141.47
141.2	141.91
141.2	141.48
141.2	141.49
141.2	141.29
141.2	141.40
141.2	141.87
141.2	141.2
141.2	141.44
141.2	141.89
141.2	141.21
141.2	141.15
141.2	141.88
141.2	141.13
141.2	141.46
141.2	141.7
141.2	141.71
141.2	141.25
141.2	141.85
141.2	141.18
141.2	141.28
141.2	141.11
141.2	141.52
142.1	142.17
142.1	142.12
142.1	142.25
142.1	142.48
142.1	142.6
142.1	142.70
142.1	142.46
142.1	142.43
142.1	142.9
142.1	142.28
142.1	142.41
142.1	142.53
142.1	142.95
142.1	142.90
142.1	142.98
142.1	142.78
142.1	142.22
142.1	142.81
142.1	142.38
142.1	142.96
142.1	142.32
142.1	142.3
142.1	142.37
142.2	142.99
142.2	142.58
142.2	142.30
142.2	142.88
142.2	142.19
142.2	142.71
142.2	142.52
142.2	142.2
142.2	142.62
142.3	142.75
142.3	142.35
142.3	142.13
142.3	142.1
142.3	142.36
143.1	143.19
143.1	143.99
143.1	143.58
143.1	143.96
143.1	143.78
143.1	143.54
143.1	143.49
143.1	143.82
143.1	143.70
143.1	143.32
143.1	143.15
143.1	143.16
143.1	143.75
143.1	143.14
143.1	143.13
143.1	143.57
143.1	143.92
143.1	143.66
143.1	143.23
143.1	143.45
143.1	143.89
143.1	143.11
143.1	143.80
143.1	143.63
143.1	143.93
143.1	143.61
143.1	143.12
143.1	143.31
143.1	143.48
143.1	143.64
143.1	143.83
143.1	143.22
143.1	143.94
143.1	143.81
143.1	143.43
143.1	143.73
143.1	143.38
143.1	143.74
143.1	143.44
143.1	143.37
143.1	143.90
143.1	143.3
143.1	143.60
143.1	143.71
143.1	143.51
143.1	143.62
143.1	143.87
143.1	143.27
143.1	143.55
143.1	143.79
143.1	143.40
143.1	143.88
143.1	143.65
143.1	143.20
143.1	143.35
143.1	143.9
143.1	143.25
143.1	143.97
143.1	143.26
143.1	143.50
143.1	143.18
143.1	143.33
143.1	143.95
143.1	143.53
143.1	143.68
143.1	143.34
143.1	143.86
143.1	143.59
143.1	143.17
143.1	143.72
143.1	143.46
143.1	143.52
143.1	143.100
143.1	143.36
143.1	143.67
143.2	143.39
143.2	143.2
143.2	143.1
143.3	143.84
143.4	143.5
143.4	143.28
143.4	143.4
144.1	144.92
144.1	144.27
144.1	144.64
144.1	144.22
144.1	144.26
144.1	144.7
144.2	144.28
144.2	144.2
144.2	144.35
144.2	144.4
144.2	144.71
144.2	144.14
144.3	144.8
144.3	144.1
144.4	144.15
144.4	144.21
144.4	144.23
144.4	144.33
144.4	144.9
144.4	144.37
144.4	144.52
144.6	144.34
144.6	144.3
144.7	144.5
144.7	144.61
144.7	144.44
144.8	144.45
144.8	144.38
144.8	144.1
145.1	145.91
145.1	145.95
145.1	145.37
145.1	145.78
145.1	145.44
145.1	145.30
145.2	145.66
145.4	145.66
145.5	145.12
145.5	145.34
145.5	145.67
145.5	145.88
145.5	145.43
145.5	145.41
145.5	145.19
145.5	145.7
145.5	145.36
145.6	145.12
145.6	145.34
145.6	145.7
145.7	145.88
145.7	145.83
145.7	145.58
145.7	145.43
145.7	145.13
145.7	145.38
145.7	145.1
145.7	145.100
145.7	145.11
145.7	145.47
145.7	145.8
145.7	145.86
145.7	145.15
145.8	145.25
145.8	145.63
145.8	145.57
145.8	145.23
145.8	145.75
145.8	145.74
145.9	145.16
145.9	145.18
146.1	146.70
146.1	146.23
146.1	146.46
146.1	146.94
146.1	146.6
146.1	146.90
146.1	146.82
146.1	146.31
146.1	146.8
146.1	146.73
146.1	146.91
146.1	146.49
146.1	146.2
146.1	146.30
146.1	146.3
146.1	146.28
146.1	146.60
146.1	146.51
146.1	146.45
146.1	146.97
146.1	146.52
146.1	146.9
146.1	146.44
146.1	146.7
146.1	146.25
146.1	146.71
146.1	146.83
146.1	146.5
146.1	146.27
146.1	146.61
146.1	146.79
146.1	146.67
146.1	146.80
146.1	146.69
146.1	146.42
146.1	146.95
146.1	146.87
146.1	146.50
146.1	146.33
146.1	146.1
146.1	146.20
146.1	146.65
146.1	146.76
146.1	146.26
146.1	146.75
146.2	146.31
146.2	146.11
146.4	146.35
146.4	146.21
146.5	146.37
146.5	146.18
146.5	146.39
147.1	147.64
147.1	147.4
147.1	147.2
147.1	147.99
147.1	147.78
147.1	147.15
147.1	147.58
147.3	147.28
147.3	147.69
147.4	147.76
147.4	147.26
147.4	147.88
147.4	147.50
147.4	147.39
147.4	147.42
147.4	147.27
147.4	147.3
147.4	147.12
147.4	147.60
147.4	147.37
147.4	147.95
147.4	147.21
147.4	147.45
147.4	147.66
147.4	147.14
147.4	147.63
147.5	147.61
147.5	147.49
147.5	147.23
147.5	147.54
147.5	147.43
148.1	148.73
148.1	148.88
148.1	148.53
148.1	148.80
148.1	148.34
148.1	148.85
148.1	148.13
148.1	148.22
148.1	148.44
148.2	148.45
148.2	148.75
148.2	148.84
148.2	148.1
148.2	148.42
148.2	148.47
148.2	148.97
148.2	148.3
148.2	148.8
148.2	148.29
148.2	148.33
148.3	148.11
148.3	148.76
148.3	148.25
148.4	148.24
148.5	148.37
149.1	149.84
149.1	149.29
149.1	149.71
149.1	149.27
149.1	149.69
149.1	149.47
149.2	149.21
149.2	149.49
149.2	149.70
149.2	149.63
149.2	149.7
149.2	149.20
149.2	149.28
149.2	149.98
149.3	149.8
149.3	149.81
149.3	149.54
149.3	149.64
149.3	149.9
149.3	149.86
149.3	149.58
149.3	149.15
149.3	149.61
149.4	149.24
149.4	149.26
149.4	149.17
149.4	149.1
149.5	149.65
149.5	149.19
149.5	149.46
149.5	149.48
149.7	149.4
149.8	149.56
149.8	149.37
149.8	149.41
150.1	150.97
150.1	150.27
150.1	150.22
150.1	150.15
150.1	150.32
150.1	150.35
150.1	150.96
150.1	150.87
150.1	150.28
150.1	150.4
150.1	150.40
150.1	150.80
150.1	150.39
150.1	150.52
150.12	150.23
150.2	150.98
150.2	150.76
150.2	150.49
150.2	150.37
150.2	150.19
150.3	150.79
150.6	150.26
150.6	150.84
150.6	150.88
150.8	150.47
150.8	150.30
150.8	150.66
150.8	150.11
150.9	150.60
151.1	151.90
151.1	151.48
151.2	151.47
151.2	151.92
151.2	151.89
151.2	151.60
151.2	151.20
151.2	151.16
151.2	151.42
151.2	151.15
151.2	151.82
151.2	151.33
151.2	151.64
151.2	151.78
151.2	151.80
151.2	151.32
151.2	151.8
151.2	151.14
151.2	151.58
151.2	151.52
151.2	151.38
151.2	151.71
151.2	151.81
151.2	151.59
151.2	151.1
151.2	151.35
151.2	151.69
151.2	151.84
151.2	151.50
151.2	151.56
151.2	151.10
151.2	151.43
151.2	151.57
151.2	151.77
151.2	151.62
151.2	151.70
151.2	151.55
151.2	151.30
151.2	151.29
151.2	151.76
151.2	151.87
151.2	151.3
151.2	151.73
151.2	151.18
151.2	151.65
151.2	151.40
151.2	151.94
151.2	151.95
151.2	151.11
151.2	151.75
151.2	151.93
152.1	152.4
152.1	152.80
152.1	152.62
152.1	152.19
152.1	152.63
152.1	152.76
152.2	152.83
152.2	152.60
152.2	152.38
152.2	152.72
152.2	152.67
152.2	152.95
152.2	152.73
152.2	152.88
152.2	152.23
152.2	152.16
152.2	152.41
152.2	152.34
152.2	152.84
152.2	152.33
152.2	152.97
152.2	152.27
152.2	152.98
152.2	152.1
152.2	152.82
152.2	152.21
152.2	152.36
152.2	152.51
152.4	152.7
152.5	152.5
153.1	153.17
153.1	153.1
153.1	153.86
153.1	153.14
153.1	153.66
153.1	153.34
153.1	153.18
153.1	153.8
153.1	153.52
153.1	153.95
153.1	153.68
153.1	153.11
153.2	153.4
153.2	153.3
153.2	153.99
153.2	153.49
153.2	153.44
153.2	153.54
153.2	153.25
153.2	153.10
153.3	153.5
153.3	153.36
153.4	153.71
153.4	153.98
153.4	153.65
153.4	153.35
153.4	153.39
153.4	153.61
153.4	153.96
153.4	153.63
153.4	153.84
153.4	153.97
153.4	153.79
153.4	153.55
153.4	153.57
154.1	154.7
154.1	154.93
154.1	154.43
154.1	154.15
154.1	154.81
154.1	154.86
154.1	154.51
154.1	154.1
154.1	154.94
154.1	154.16
154.1	154.50
154.1	154.47
154.1	154.90
154.1	154.38
154.1	154.24
154.1	154.35
154.1	154.10
154.1	154.48
154.1	154.52
154.1	154.33
154.1	154.45
154.1	154.54
154.1	154.6
154.1	154.59
154.1	154.36
154.1	154.49
154.1	154.19
154.1	154.42
154.1	154.26
154.1	154.41
154.1	154.37
154.1	154.31
154.2	154.8
154.2	154.98
154.2	154.30
154.2	154.78
154.2	154.13
154.2	154.66
154.2	154.22
154.2	154.74
154.2	154.53
154.2	154.40
154.2	154.23
154.2	154.11
154.2	154.83
154.2	154.60
154.2	154.4
154.2	154.5
154.2	154.25
154.2	154.14
154.2	154.89
154.2	154.18
154.2	154.2
154.2	154.99
154.2	154.75
154.2	154.80
154.2	154.67
154.2	154.61
154.2	154.62
155.1	155.63
155.1	155.95
155.1	155.61
155.1	155.78
155.1	155.60
155.1	155.3
155.1	155.2
155.1	155.100
155.1	155.93
155.1	155.83
155.1	155.48
155.1	155.16
155.1	155.53
155.1	155.58
155.1	155.40
155.1	155.4
155.1	155.35
155.1	155.43
155.1	155.97
155.1	155.77
155.1	155.54
155.1	155.85
155.2	155.79
155.2	155.42
155.2	155.38
155.2	155.69
155.2	155.24
155.2	155.21
155.2	155.70
155.2	155.55
155.2	155.36
155.2	155.86
155.2	155.50
155.2	155.84
155.2	155.91
155.2	155.75
155.2	155.57
155.2	155.89
155.2	155.66
155.2	155.52
155.2	155.92
155.2	155.88
155.2	155.44
155.2	155.26
155.2	155.64
155.2	155.17
155.2	155.41
155.2	155.8
155.2	155.62
155.2	155.10
155.2	155.20
155.2	155.28
155.2	155.96
155.2	155.49
155.2	155.74
155.2	155.13
155.2	155.33
155.2	155.90
155.2	155.65
155.2	155.32
155.2	155.15
155.2	155.23
155.2	155.99
155.2	155.72
155.2	155.31
155.2	155.59
155.2	155.14
155.2	155.1
155.2	155.29
155.2	155.30
155.2	155.68
155.2	155.6
155.2	155.47
156.1	156.95
156.1	156.66
156.1	156.37
156.1	156.73
156.1	156.7
156.1	156.3
156.1	156.89
156.1	156.4
156.1	156.30
156.1	156.28
156.1	156.6
156.1	156.69
156.1	156.56
156.1	156.90
156.1	156.1
156.1	156.77
156.1	156.25
156.1	156.76
156.1	156.22
156.1	156.51
156.1	156.50
156.1	156.31
156.1	156.18
156.1	156.85
156.1	156.16
156.1	156.71
156.1	156.2
156.2	156.91
156.2	156.46
156.2	156.15
156.2	156.61
156.2	156.42
156.2	156.5
156.2	156.84
156.3	156.53
156.3	156.99
156.3	156.86
156.4	156.9
156.5	156.63
157.1	157.67
157.1	157.28
157.1	157.8
157.1	157.6
157.1	157.3
157.1	157.92
157.1	157.38
157.1	157.70
157.1	157.68
157.1	157.55
157.1	157.25
157.1	157.1
157.1	157.16
157.1	157.57
157.1	157.50
157.1	157.75
157.1	157.73
157.1	157.53
157.1	157.85
157.1	157.61
157.1	157.80
157.1	157.60
157.1	157.59
157.1	157.48
157.1	157.81
157.1	157.88
157.1	157.97
157.1	157.37
157.1	157.86
157.1	157.95
157.1	157.56
157.1	157.26
157.1	157.83
157.1	157.9
157.1	157.35
157.1	157.17
157.1	157.39
157.1	157.65
157.1	157.11
157.1	157.33
157.1	157.54
157.1	157.100
157.1	157.20
157.1	157.34
157.1	157.13
157.1	157.52
157.1	157.74
157.1	157.40
157.1	157.62
157.1	157.79
157.1	157.2
157.1	157.19
157.1	157.43
157.1	157.42
157.1	157.93
157.1	157.29
157.1	157.89
157.1	157.10
157.1	157.41
157.1	157.66
157.1	157.5
157.2	157.58
157.2	157.47
157.2	157.4
158.1	158.36
158.1	158.53
158.1	158.2
158.1	158.44
158.1	158.74
158.1	158.17
158.1	158.7
158.1	158.78
158.1	158.40
158.1	158.39
158.1	158.90
158.1	158.3
158.1	158.32
158.1	158.8
158.1	158.97
158.1	158.84
158.1	158.35
158.2	158.34
158.2	158.89
158.2	158.82
158.2	158.100
158.2	158.28
158.2	158.58
158.2	158.83
158.2	158.11
